# Created by Octave 3.8.2, Sun Dec 07 20:15:24 2014 EET <luoliangyi@localhost.localdomain>
# name: base
# type: matrix
# rows: 3100
# columns: 1
# These are all original data points of base signal (noise) minus 50. Despite that the "noise" is very noisy itself, some patterns can be observed. 
 16.70999999999999
 -39.17
 31.09
 -46.42
 50.31
 48.62
 -44.23
 10.78
 21.52
 -43.49
 43.54000000000001
 53.45
 -46.96
 -43.6
 -15.52
 27.27
 -41.94
 26.48999999999999
 7.350000000000001
 -39.84
 -35.59
 12.53
 -1.109999999999999
 31.33
 39.06999999999999
 41.51000000000001
 -4.729999999999997
 -48.32
 45.34999999999999
 35.53
 -46.56
 -36.29
 -45.76
 -16.38
 36.43000000000001
 -22.6
 -55.88
 -41.49
 49.02
 30.81999999999999
 10.27
 -16.47
 -27.92
 50.56
 -34.95
 -7.909999999999997
 28.36
 46.93000000000001
 -37.17
 -29.19
 -43.08
 -13.36
 -39.6
 -43.39
 -31.33
 33.14
 38.58
 -0.3500000000000014
 -53.7
 10.4
 -43.81
 -32.18
 -15.41
 -17.86
 57.37
 -47.38
 41.95
 52
 41.3
 19.08
 -27.63
 -37.68
 54.79000000000001
 -46.26
 -17.07
 -18.81
 45.13
 27.65000000000001
 -60.04
 37.3
 -51.76
 57.01000000000001
 -49.41
 -34.36
 -8.030000000000001
 51.56999999999999
 24.62
 -31.31
 -18.68
 35.44
 -49.65
 46.08
 28.73
 36.91
 41.37
 -29.73
 -36.38
 32.3
 10.85
 24.23
 -44.89
 -34.05
 -5.939999999999998
 -53.25
 -2.43
 49.84999999999999
 46.19
 24.31
 52.95
 -48.58
 40.73
 -10.02
 40.43000000000001
 51.70999999999999
 20.81
 47.40000000000001
 -39.83
 -42.89
 49.58
 -38.75
 -39.11
 -45.52
 16.3
 39.25
 -42.11
 30.84999999999999
 36.92
 -53.89
 26.84999999999999
 46.16
 12.33
 44.43000000000001
 14.33
 54.12
 45.47
 -27.45
 13.88
 39.41
 -1.82
 27.45
 35.43000000000001
 -53.1
 20.22
 -47.23
 -42.43
 -28.97
 -45.46
 -42.88
 -47.17
 -28.47
 -38.3
 -39.13
 -19.23
 37.04000000000001
 49.06999999999999
 15.7
 35.55
 -28.79
 -26.08
 -28.79
 -40.38
 15.87
 -35.55
 29.01000000000001
 12.1
 40.16
 -40.81
 -42.4
 51.38
 33.5
 -25.4
 8.93
 -36.94
 -59.51
 30.09999999999999
 35.5
 27.22
 37.17
 43.11
 -33.55
 -58.06
 25.51000000000001
 -2.560000000000002
 27.64
 14.02
 -30.39
 45.78
 40.95
 -49.92
 -16.43
 -51.79
 13.35
 -62.52
 -27.43
 23.94
 -58.47
 -23.9
 43.53
 28.95
 21.90000000000001
 44.13
 -14.78
 51.19
 45.84
 1.340000000000003
 -50.21
 -20.38
 49.98999999999999
 47.78
 -53.21
 51.29000000000001
 -48.69
 26.45999999999999
 36.15000000000001
 -5.5
 35.68000000000001
 -29.77
 45.38
 -14.49
 37.42
 49.25
 -50.52
 43.92
 0.1599999999999966
 23.45999999999999
 -46.1
 45.54000000000001
 49.92
 55.54000000000001
 56.81999999999999
 42.42
 -24.98
 5.009999999999998
 -21.79
 -35.87
 42.26000000000001
 37.69
 42.25
 38.06
 2.700000000000003
 -44.15
 39.23999999999999
 -48.62
 38.27
 -25.41
 -17.01
 38.59999999999999
 -56
 -40.26
 -15.8
 45.39
 -23.58
 28.48999999999999
 -31.92
 29.93000000000001
 -7.810000000000002
 -43.14
 -45.45
 -29.7
 -16.3
 42.44
 -39.32
 14.63
 54.09999999999999
 -41.28
 -23.5
 -42.98
 38.05
 12.36
 -13.97
 39.02
 -50.71
 32.13
 -32.51000000000001
 -3.789999999999999
 -18.91
 56.93000000000001
 34.83
 33.73999999999999
 -23.88
 -41.26
 -21.42
 10.99
 0.1499999999999986
 -35.83
 40.95
 -23.01
 30.45
 -15.89
 -28.88
 -33.47
 36.09
 -41.82
 52.76000000000001
 -48.1
 -44.83
 -41.21
 40.89
 -45.69
 -43
 35.76000000000001
 37.27
 -5.710000000000001
 40.83
 -48.15
 -17.74
 27.88
 -31.92
 24.97
 -1.210000000000001
 57.54000000000001
 34.06
 -8.979999999999997
 47.25
 43.94
 30.81
 54.3
 -34.67
 -43.28
 43.25
 -45.58
 36.78
 -28.29
 -41.33
 5.649999999999999
 -47.3
 12.54
 49.7
 -55.21
 50.95
 52.13
 -5.289999999999999
 42.3
 29.52
 12.54
 -40.31
 45.06999999999999
 -14.18
 30.08
 -12.97
 35.09999999999999
 23.86
 -43.67
 -14.52
 -28.81
 36.68000000000001
 36.64
 -57.38
 -6.740000000000002
 -29.41
 -46.1
 34.90000000000001
 49.98999999999999
 26.98
 -41.96
 49.40000000000001
 -45.41
 -44.65
 54.31
 15.44
 38.09999999999999
 46.45
 18.37
 25.63
 45.52
 16.2
 -54.74
 -22.93
 41.20999999999999
 16.26000000000001
 32.81999999999999
 -50.35
 -44.57
 -27.66
 19.7
 42.59999999999999
 -43.52
 32.12
 -40.93
 -29.92
 -36.73
 36.79000000000001
 -56.75
 50.34
 -17.07
 28.70999999999999
 13.99
 33.63
 35.87
 -57.16
 -27.66
 -16.76
 -26.29
 -41.57
 18.40000000000001
 -49.29
 41.88
 -49.93
 -28.33
 38.18000000000001
 -42.02
 31.70999999999999
 -45.91
 -55.91
 -47.54
 20.12
 -54.99
 -44.01
 12.65
 9.439999999999998
 44
 -32.03
 -47.65
 46.29000000000001
 -12.31
 12.81
 -52.61
 43.51000000000001
 -42.4
 0.1499999999999986
 -34.18
 -66
 51.68000000000001
 39.84
 -29.47
 -61.56
 -45.61
 8.240000000000002
 53.68000000000001
 16.79000000000001
 -27.78
 -42.44
 29.68000000000001
 35.63
 20.90000000000001
 -1.409999999999997
 35.81999999999999
 -38.09
 -32.39
 -28.35
 43.31
 24.29000000000001
 48.3
 24.51000000000001
 -47.76
 -47
 -48.74
 -30.34
 47.55
 61.84
 24.2
 21.61
 49.67
 42.48
 -33.32
 -36.12
 -38
 -40.31
 -43.49
 -13.44
 47.25
 -23.98
 20.19
 44.39
 35.79000000000001
 43.41
 43
 46.06
 -41.38
 34.34
 -31.87
 48.65000000000001
 48.44
 50.11
 -17.25
 -36.47
 -30
 49.15000000000001
 58.61
 17.17
 43.81999999999999
 -40.4
 43.72
 -41.56
 -44.09
 -33.84
 18.51000000000001
 -36.97
 2.090000000000003
 45.73999999999999
 8.280000000000001
 -39.89
 -50.52
 46.51000000000001
 39.31
 -48.62
 -44.88
 -15.83
 -21.34
 48.62
 -50.84
 -21.92
 -19.53
 45.86
 -34.95
 -0.9500000000000028
 20.7
 -32.86
 -15.66
 -48.09
 14.95999999999999
 -25.04
 51.18000000000001
 -32.08
 -45.31
 29.06
 -2.700000000000003
 -51.73
 46.73
 41.93000000000001
 7.479999999999997
 -0.7100000000000009
 -13.29
 12.62
 -45.17
 -21.65
 32.98
 -56.47
 -46.31
 15.68000000000001
 -49.97
 -41.2
 -26.76
 35.87
 -38.4
 -35.09
 -20.52
 30.53
 24.29000000000001
 39.91
 -14.97
 12.51
 -49.02
 -35.35
 -19.81
 55.11
 -35.39
 -35.34
 45.48
 -28.5
 45.40000000000001
 -52.12
 -29.87
 -37.07
 -10.69
 -40.86
 -47.13
 -35.99
 4.030000000000001
 44.41
 -36.53
 -53.83
 53.06
 12.88
 -38.23
 -38.9
 11.09
 -47.61
 46.31
 -56.63
 -12.19
 22.59
 4.990000000000002
 -45.66
 -20
 -53.21
 -49.18
 -26
 -20.99
 41.90000000000001
 44.5
 38.56999999999999
 -4.649999999999999
 43.66
 21.91
 -59.98
 11.21
 -7.189999999999998
 -44.99
 -46.48
 40.95999999999999
 -55.71
 -37.5
 39.16
 32.04000000000001
 -0.4799999999999969
 -5
 37.83
 3.490000000000002
 33.64
 -34.39
 -59.8
 37.28
 -11.61
 -44.21
 -36.16
 56.81
 -31.98
 -27.86
 -14.73
 38.22
 -14.68
 39.19
 -46.77
 40.56
 -44.43
 39.94
 -36.87
 -54.98
 39.76000000000001
 14.67
 -57.37
 37.68000000000001
 43.18000000000001
 -13.19
 -5.359999999999999
 48.38
 -32.36
 8.979999999999997
 10.9
 -35.04
 -6.329999999999998
 30.15000000000001
 -46.57
 -34.11
 -22.22
 -9.07
 44.73
 -47.3
 -50.4
 42.16
 9.100000000000001
 11.92
 47.45999999999999
 -3.890000000000001
 40.91
 38.23999999999999
 -45.05
 8.909999999999997
 -13.28
 -18.41
 33.23999999999999
 -37.83
 -50.41
 9.770000000000003
 39.01000000000001
 55
 -49.15
 -29.87
 45.93000000000001
 18.33
 -17.56
 44.64
 -12.11
 -2.590000000000003
 -51.23
 1.030000000000001
 -2.780000000000001
 -10.77
 49.67
 -2.990000000000002
 41.43000000000001
 -14.13
 48.84999999999999
 23.39
 -49.62
 -29.2
 -55.62
 -48.12
 24.63
 50.92
 -45.12
 13.94
 47.34999999999999
 -7.770000000000003
 -2.810000000000002
 46.63
 44.58
 50.56999999999999
 -7.869999999999997
 -47.1
 -30.55
 11.95
 29.36
 29.23
 -27.06
 -46.75
 -15.79
 46.3
 -39.04
 -49.92
 18.68000000000001
 -25.72
 -35.18
 -41.44
 -45.14
 16.54000000000001
 51.73999999999999
 -24.8
 -33.98999999999999
 8.969999999999999
 -31.5
 -32.3
 35.52
 45.63
 -40.66
 51.29000000000001
 2.460000000000001
 -28.19
 49.31
 21.78
 -42.14
 -13.92
 19.64
 -32.76000000000001
 51.84
 38.06
 50.62
 -46.39
 -14.76
 43.53
 19.78
 31.05
 -13.16
 -29.05
 29.56
 -22.99
 29.04000000000001
 -8.549999999999997
 -42
 -5.43
 38.59999999999999
 -17.88
 -2.57
 38.51000000000001
 47.53
 42.37
 8.280000000000001
 -52.5
 43.72
 26.09999999999999
 55.5
 39.23999999999999
 46.36
 -36.79
 17.75
 -23.39
 -18.31
 44.94
 -48.06
 41.48
 -26.64
 -42.49
 -27.63
 -7.450000000000003
 -40.28
 -49.41
 29.2
 -39.64
 53.18000000000001
 29.33
 43.59999999999999
 -39.61
 44.02
 -13.5
 -48.19
 28.45
 40.5
 -35.68
 25.03
 -51.2
 -45.27
 16.23
 -29.28
 22.13
 40.34999999999999
 40.56999999999999
 51.77
 -44.83
 49.73999999999999
 -50.61
 -9.670000000000002
 27.41
 39.79000000000001
 -33.42
 -8.170000000000002
 -43.86
 52.34
 46.23999999999999
 50.31
 -22.56
 -30.07
 33.62
 -45
 -51.9
 36.34999999999999
 43.29000000000001
 46.51000000000001
 40.81999999999999
 -20.57
 -11.7
 21.76000000000001
 -41.68
 49.81
 15.16
 33.48
 -47.19
 -20.04
 51.29000000000001
 -33.17
 34.68000000000001
 -42.58
 53.89
 -41.26
 -30.13
 40.31
 9.240000000000002
 39.48999999999999
 -22.41
 8.960000000000001
 -47.74
 5.420000000000002
 -49.88
 -21.29
 39.69
 -25.96
 4.810000000000002
 44.06
 -38.94
 -26.85
 -22.66
 20.78
 39.56999999999999
 -39
 46.84999999999999
 40.03
 -52.68
 -19.51
 -57.38
 45.31999999999999
 7.759999999999998
 -14.5
 -32.52
 41.20999999999999
 -39.8
 -49.52
 34.3
 19.37
 -47.03
 -8.920000000000002
 -5.350000000000001
 44.48999999999999
 43.41
 16.09
 -33.48
 6.399999999999999
 -52.07
 3.229999999999997
 47.77
 30.20999999999999
 -39.24
 45.59999999999999
 25.70999999999999
 -43.03
 -44.21
 29.66
 17.92
 50.59999999999999
 -34.02
 32.87
 53.23999999999999
 -44.05
 -41.16
 11.18
 -10.06
 -16.55
 -24.3
 17.62
 5.619999999999997
 23.58
 15.66
 -30.07
 42.83
 53.17
 36.47
 17.25
 -29.65
 30.25
 53.98
 -7.280000000000001
 -8.32
 18.73999999999999
 -13.36
 -16.05
 -47.39
 -44.36
 47.02
 52.5
 43.28
 24.13
 50.38
 38.65000000000001
 14.03
 44.62
 -47.92
 31.52
 46.63
 -0.8999999999999986
 29.40000000000001
 18.17
 -52.91
 -50.46
 -14.6
 -52.99
 41.70999999999999
 5.109999999999999
 -30.11
 -37.1
 -32.43
 -33.01000000000001
 45.2
 -46.6
 -34.55
 -49.35
 -22.76
 -47.47
 -45.61
 -42.13
 -43.63
 -31.51
 41.55
 -41.72
 -17.43
 52.89
 -56.27
 -25.79
 -48.82
 47.61
 -36.5
 53.73
 -24.56
 14.40000000000001
 1.539999999999999
 -34.23
 44.86
 35.56
 -41.17
 22.31
 19.97
 -53.54
 -50.39
 -36.92
 30.12
 44.45999999999999
 -51.49
 -22.44
 -35.27
 -51.64
 -48.14
 42.51000000000001
 -52.37
 24.36
 -42.84
 -4.020000000000003
 -6.020000000000003
 -36.6
 -42.57
 -54.88
 27.12
 46.06
 32.56999999999999
 -64.47
 42.09999999999999
 -7.149999999999999
 -48.49
 41.72
 41.66
 16.89
 49.79000000000001
 -8.299999999999997
 -50.59
 19.33
 -8.979999999999997
 -14.87
 -10.14
 39.73999999999999
 -23.76
 41.31999999999999
 5.840000000000003
 0.04999999999999716
 -53.23
 35.16
 4.719999999999999
 46.54000000000001
 -35.53
 0.6899999999999977
 9.520000000000003
 -55.08
 -53.51
 -55.74
 -11.26
 -22.33
 -56.05
 50
 42.73999999999999
 -44.76
 -34.89
 50.88
 -39.96
 58.2
 -44.75
 -38.45
 42.88
 44.01000000000001
 -41.75
 -24.31
 -7.159999999999997
 32.04000000000001
 18.11
 2.609999999999999
 49.14
 25.29000000000001
 2.270000000000003
 -8.93
 36.7
 43.61
 22.19
 -46
 38.88
 23.39
 -36.58
 -28.21
 43.12
 49.25
 -36.47
 39.18000000000001
 54.25
 -32.41
 41.45
 -21.73
 -51.45
 22.62
 42.39
 58.11
 -40.51
 -3.340000000000003
 29.48
 -0.4399999999999977
 47.28
 35.90000000000001
 30.52
 -24.63
 -36.34
 51.68000000000001
 -41.85
 25.69
 -26.3
 -30.01
 -56.26
 -34.68
 -7.399999999999999
 -32.11
 -4.689999999999998
 -24.94
 54.52
 -36.45
 22.61
 11.82
 54.52
 -39.54
 -18.03
 40.76000000000001
 36.05
 -15.57
 -45.9
 6.659999999999997
 -40.99
 9.530000000000001
 42.8
 -26.55
 38.44
 -49.51
 -6.420000000000002
 35.51000000000001
 13.1
 37.98
 -30.15
 27.94
 42.14
 35.38
 31.45
 -52.94
 24.13
 -52.44
 -54.08
 46.89
 48.68000000000001
 9.060000000000002
 38.76000000000001
 50.98999999999999
 -46.55
 -56.53
 46.12
 43.87
 -38.63
 -7.439999999999998
 -40.92
 -44.84
 46.98
 -47.73
 50.47
 25.44
 -11.54
 38.41
 0.3299999999999983
 -28.5
 10.53
 9.899999999999999
 25.23
 51.05
 -39.51
 -29.35
 47.98
 8.270000000000003
 -5.810000000000002
 42.62
 37.03
 17.43000000000001
 12.53
 20.42
 18.23999999999999
 39.09999999999999
 54.78
 33.45999999999999
 -30.51
 -43.37
 34.93000000000001
 -37.6
 42.55
 28.84999999999999
 -45.7
 -46.9
 5.020000000000003
 41.09999999999999
 -8.109999999999999
 51.81999999999999
 -10.7
 -44.3
 42.45999999999999
 10.66
 -37.03
 7.100000000000001
 -7.68
 16.06
 -35.7
 22.08
 -44.41
 36.73999999999999
 -57.87
 45.45999999999999
 49.26000000000001
 16.54000000000001
 44.81
 -1.740000000000002
 -46.84
 4.270000000000003
 54.89
 17.59
 -21.47
 -52.9
 45.2
 49.04000000000001
 45.95999999999999
 -31.87
 30.02
 42.94
 41.15000000000001
 -38.73
 -33.9
 50.08
 -29.25
 41.05
 -40.71
 -32.29
 23.77
 16.84999999999999
 -0.07000000000000028
 -17.25
 49.06
 14.81999999999999
 31.52
 47.16
 -47.96
 46.81999999999999
 41.92
 -48.28
 60.14
 27.33
 -42.77
 -49.03
 39.36
 -47.1
 -33.87
 -36.97
 -53.28
 14.77
 44.01000000000001
 29.13
 50.04000000000001
 50.98
 55.92
 49.34999999999999
 6.170000000000002
 -12.31
 -19.38
 -5.109999999999999
 -22.3
 -38.12
 26.53
 28.84
 47.12
 -33.63
 -53.17
 46.56
 -11.29
 -50.78
 36.52
 -28.39
 16.48999999999999
 53.33
 47.67
 25.29000000000001
 -32.81
 -23.51
 37
 11.01
 55.58
 -8.649999999999999
 7.43
 10.04
 -33.33
 1.799999999999997
 -27.11
 11.93
 34.63
 -45.73
 -1.880000000000003
 43.59999999999999
 -28.14
 51.84
 -48.83
 -36.66
 -46.45
 -59.99
 7.390000000000001
 -43.72
 -37.83
 -51.72
 -45.26
 43.98
 3.5
 -33.25
 -42.83
 -19.53
 -54.05
 -46.44
 45.76000000000001
 29.20999999999999
 -40.49
 31.20999999999999
 -39.97
 -36.22
 50.27
 -52.2
 -40.73
 43.22
 32.14
 -41.98
 -42.08
 -51.36
 -29.56
 39.14
 -5.189999999999998
 43.47
 -54.94
 -39.81
 -38.65
 -41.4
 -42.08
 -43.81
 3.700000000000003
 46.8
 54.43000000000001
 21.16
 -43.46
 12.01
 -37.62
 -48.37
 -27.75
 -47.78
 38.54000000000001
 -42.53
 46.39
 -40.26
 25.72
 -53.25
 -46.16
 47.02
 31.38
 -17.7
 4.299999999999997
 18.94
 36.65000000000001
 23.81999999999999
 2.43
 -0.5399999999999991
 -53.83
 36.53
 -34.42
 53.51000000000001
 -29.49
 -19.34
 29.09
 28.56999999999999
 -47.94
 -13.54
 -16.93
 -50.14
 20.95
 -52.03
 26.61
 50.5
 -19.67
 -52.15
 35.23
 -60.4
 36.54000000000001
 -41.7
 22.45999999999999
 -50.58
 -47.38
 5.5
 -27.24
 35.68000000000001
 42.52
 -47.88
 -15.57
 8.719999999999999
 12.39
 -54.91
 33.90000000000001
 27.2
 -12.96
 4.170000000000002
 -10.47
 -40.21
 16.7
 47.73
 26.01000000000001
 -31.37
 -51.45
 29.8
 7.340000000000003
 -4.869999999999997
 17
 32.26000000000001
 13.6
 -50.38
 -49.29
 -50.62
 0.1400000000000006
 21.7
 48.36
 -12.74
 47.51000000000001
 35.89
 37.86
 20.58
 -38.93
 -44.68
 50.45
 -53.85
 -59.28
 -44.05
 -44.61
 -49.98
 46.58
 -47.78
 -10.46
 34.20999999999999
 43.3
 35.59
 21.61
 -59.31
 -25.75
 -43.1
 -48.13
 39.63
 7.789999999999999
 5.509999999999998
 32.89
 -40.6
 -27.75
 -58.58
 -28.89
 3.460000000000001
 47.36
 36.75
 47.8
 39.36
 -55.64
 31.47
 -55.19
 -6.200000000000003
 -12.02
 -25.45
 14.26000000000001
 45.93000000000001
 -18.09
 -36.8
 -4.57
 36.83
 -55.86
 6.789999999999999
 36.84
 -2.799999999999997
 10.5
 29.73999999999999
 37.45999999999999
 -46.47
 -11.65
 23.13
 21.76000000000001
 -12.07
 49.48999999999999
 11.65
 9.740000000000002
 -45.24
 -10.69
 -45.21
 17.14
 38.23999999999999
 -39.33
 36.7
 -47.21
 -36.2
 -48.83
 -28.19
 -46.86
 -53.63
 -33.66
 -4.810000000000002
 -7.289999999999999
 39.88
 -23.8
 -54.29
 -3.700000000000003
 39.40000000000001
 -59.58
 -43.49
 20.65000000000001
 26.91
 44.91
 37.78
 48.94
 -4.920000000000002
 -49.72
 -54.79
 -20.91
 -46.46
 -51.37
 -52.43
 21.95999999999999
 32.73999999999999
 48.84999999999999
 -16.86
 25.78
 41.61
 25.41
 43.39
 -47.25
 29.65000000000001
 35.77
 28.20999999999999
 33.76000000000001
 -8.399999999999999
 -29.39
 41.87
 -45.51
 28.52
 -44.51
 -35.96
 -3.240000000000002
 -46.54
 34.2
 10.03
 45.47
 -15.64
 38.3
 -12.62
 50.55
 54.64
 16.11
 40.84999999999999
 -20.59
 -37.81
 22.92
 44.31
 -45.1
 -23.92
 -31.27
 35.78
 13.81
 -12.72
 19.73
 18.34
 -50.15
 53.09999999999999
 55.04000000000001
 -53.48
 -12.92
 6.579999999999998
 51.15000000000001
 -67.02
 -9.479999999999997
 23.25
 14.26000000000001
 47.25
 -15.02
 36.86
 37.91
 49.36
 -26.14
 52.38
 53.75
 -25.28
 39.90000000000001
 -54.02
 46.59999999999999
 -54.91
 16.34999999999999
 51
 2.079999999999998
 -21.16
 -18.16
 -15.3
 18.97
 0.6300000000000026
 -14.83
 -32.12
 -32.55
 50.20999999999999
 -51.09
 18.22
 42.62
 -33.58
 -35.78
 -52.22
 38.12
 48.88
 -15.69
 35.40000000000001
 -39.8
 51.31999999999999
 19.63
 53.34999999999999
 -23.35
 -51.65
 36.55
 44.70999999999999
 2.979999999999997
 -52.93
 -18.94
 -45.33
 33.81
 27.12
 49.43000000000001
 44.73
 -6.789999999999999
 -12.34
 -25.79
 -3.939999999999998
 54.89
 30.92
 -42.69
 23.34
 43.06999999999999
 -40.96
 30.3
 -47.87
 50.09999999999999
 26.04000000000001
 37.20999999999999
 45.2
 -46.61
 31.73
 36.44
 -39.49
 2.32
 1.039999999999999
 -28.01
 8.740000000000002
 46.12
 51.58
 -46.05
 -29.73
 4.700000000000003
 -55.56
 -21.22
 40.44
 -38.36
 52.8
 -41.48
 -48.28
 46.45
 44.02
 54.67
 -11.45
 28.52
 -45.59
 13.47
 13.93
 33.41
 49.28
 -38.57
 -45.78
 23.08
 -10.77
 0.5700000000000003
 57.33
 57.78
 -30.83
 5.710000000000001
 51.31
 -41.84
 12.14
 -9.359999999999999
 26.06
 22.84999999999999
 30.20999999999999
 -43.28
 -38.24
 46.98999999999999
 -5.060000000000002
 -35.6
 -35.07
 -19.06
 -18.88
 29.90000000000001
 -27.6
 -16.75
 41.54000000000001
 -25
 38.38
 -13.43
 12.21
 51.22
 6.240000000000002
 51.95
 35.29000000000001
 -21.71
 -51.11
 17.36
 -14.84
 -21.65
 -1.380000000000003
 -38.17
 -62.17
 48.33
 51.26000000000001
 -53.91
 -14.1
 -46.16
 48.69
 -2.969999999999999
 -57.48
 43.23
 26.67
 -56.68
 -24.64
 -46.49
 -47.68
 29.27
 -15.98
 -52.11
 -32.65
 29.09999999999999
 28.68000000000001
 40.88
 33.84999999999999
 -7.719999999999999
 -50.27
 -23.65
 45.31999999999999
 41.92
 -1.109999999999999
 -5.880000000000003
 16.19
 16.13
 48.92
 -59.14
 32.20999999999999
 -43.94
 51.68000000000001
 -42.22
 49.95
 -42.42
 32.06999999999999
 27.29000000000001
 43.62
 -44.74
 36.16
 -31.76
 50.09999999999999
 35.94
 -43.48
 15.67
 -43.99
 7.770000000000003
 27.20999999999999
 -39.49
 -24.05
 39.5
 -41.19
 -41.61
 26.81999999999999
 50.25
 39.84
 37.98
 35.78
 -20.2
 26.59999999999999
 46.44
 23.09999999999999
 46.55
 -48.11
 49.01000000000001
 -40.75
 -42.03
 44.12
 -50.85
 -30.35
 -54.58
 -17.84
 10.81
 -2.560000000000002
 -24.12
 -39.92
 38.02
 8.390000000000001
 31.23999999999999
 -46.81
 -53
 37.18000000000001
 -55.47
 38.2
 50.95999999999999
 36.08
 -51.5
 8.090000000000003
 43.47
 -36.98
 36.66
 37.91
 36.01000000000001
 13.35
 16.39
 23.66
 8.350000000000001
 -43.93
 40.14
 31.76000000000001
 -50.88
 -9.780000000000001
 32.23
 -30.98
 37.33
 17.51000000000001
 16.16
 31.72
 42.76000000000001
 43.93000000000001
 -38.67
 -1.399999999999999
 -25.01
 9.759999999999998
 -55.17
 -55.71
 1.439999999999998
 -40.11
 -40.87
 34.72
 -17.8
 39.55
 33.73
 -65.17
 28.90000000000001
 -39.9
 31.43000000000001
 -0.07999999999999829
 34.45
 -13.38
 -35.67
 -42.86
 24.31
 20.34
 30.48
 3.869999999999997
 -51.75
 -60.31
 41.06999999999999
 -54.41
 -5.609999999999999
 -37.42
 -48.83
 44.3
 30.13
 -12.86
 37.09999999999999
 -28.08
 2.689999999999998
 -54
 22.45
 -53.42
 42.77
 -3.32
 -19.91
 -33.16
 -30.59
 11.92
 25.51000000000001
 -57.9
 43.36
 19.09
 32.29000000000001
 31.64
 -60.05
 -62.47
 24.56
 37.98
 -7.310000000000002
 26.34
 -53.73
 -16.77
 -17.24
 44.73
 37.64
 23.92
 -54.44
 -55.11
 -45.82
 -1.329999999999998
 -42.78
 -1.850000000000001
 -32.07
 -57.39
 28.92
 24.52
 27.87
 -50.95
 33.81999999999999
 -44.94
 19.41
 -1.75
 -53.2
 48.67
 47.34999999999999
 43.58
 41.17
 -50.89
 -13.26
 -58.1
 11.92
 -35.43
 -37.92
 -52.77
 38.59999999999999
 15.93000000000001
 28.11
 -29.69
 36.58
 41.66
 25.28
 -45.78
 -23.66
 -49.14
 31.67
 -29.5
 42.11
 0.5
 -8.530000000000001
 50.06999999999999
 -47.56
 -56
 -36.26
 -48.11
 51.45
 41.79000000000001
 -30.35
 47.81
 -1.049999999999997
 9.200000000000003
 -30.95
 49.03
 -43.25
 -8.039999999999999
 -36.82
 32.73999999999999
 18.09
 -21.78
 -30.93
 -18.6
 43
 34.08
 -42.78
 -49.49
 47.16
 -1.159999999999997
 38.76000000000001
 -5.369999999999997
 -44.48
 48.8
 -49.34
 14.88
 38.75
 17.7
 33.12
 -41.11
 26.44
 54.48
 -33.96
 46.73
 -34.71
 -40.03
 13.49
 -39.84
 48.88
 49.53
 -11.67
 -15.97
 -25.58
 42.09999999999999
 49.81
 -30.6
 42.59
 -15.31
 60.18000000000001
 -18.09
 41.97
 -40.84
 41.19
 -59.07
 28.09999999999999
 -15.74
 35.91
 -17.76
 42.81
 20.38
 49.14
 42.15000000000001
 -32.58
 10.91
 -43.97
 32.11
 -37.62
 27.38
 -31.35
 57.84999999999999
 36.81
 -43.8
 51.19
 47.17
 11.38
 49.52
 -43.12
 -50.39
 -46.73
 37.03
 39.23
 43.62
 -52.83
 41.93000000000001
 50.06
 44.31999999999999
 46.73999999999999
 -32.91
 9.170000000000002
 -18.84
 -43.54
 -41.06
 34.31999999999999
 -36.97
 43.51000000000001
 -39.71
 39.56999999999999
 61.63
 54.87
 41.31999999999999
 1.780000000000001
 7.340000000000003
 40.61
 51.15000000000001
 41.12
 -24.67
 -41.49
 21.54000000000001
 -48.91
 -46.87
 29.33
 -33.93
 -43.24
 14.69
 -24.84
 -18.94
 -45.95
 36.25
 -30.52
 50.16
 -3.789999999999999
 46.28
 45.56999999999999
 -36.01
 56.56
 -50.21
 -42.77
 43.59999999999999
 -46.5
 52.73
 -45.99
 28.04000000000001
 18
 -20.46
 -28.64
 -46.8
 -35.37
 46.41
 55.77
 -46.65
 55.38
 47.45
 -53.61
 -7.630000000000003
 47.40000000000001
 -15.99
 6.859999999999999
 13.73
 41.38
 -40.24
 -47.33
 -50.58
 46.87
 4
 38.12
 -22.35
 50.47
 47.14
 -8.25
 -53.11
 -14.83
 -42.13
 -42.73
 51.52
 39.19
 47.72
 18.65000000000001
 -51.77
 -46.35
 19.84999999999999
 -31.9
 -39.82
 41.44
 25.25
 39.63
 30.78
 -20.5
 14.23999999999999
 -43.06
 24.09
 -33.03
 -59.47
 -29.54
 -43.38
 25.23999999999999
 -54.83
 -47.99
 -44.43
 8.399999999999999
 35.59
 -13.11
 47.51000000000001
 6.380000000000003
 -39.81
 -45.06
 0.1899999999999977
 -20.5
 23.68000000000001
 49.34999999999999
 24.63
 11.12
 48.18000000000001
 17.38
 -31.27
 -36.21
 24.05
 45.89
 -43.82
 -10.44
 -27.99
 24.75
 -37.66
 26.73
 46.02
 -52.21
 -55.35
 46.48
 43.69
 -36.39
 38.76000000000001
 46.23
 8.090000000000003
 51.61
 16.91
 33.88
 -30.4
 48.31999999999999
 -48.72
 -47.36
 36.95999999999999
 0.4200000000000017
 -47.31
 -59.04
 -50.01
 -31.91
 33.81999999999999
 -65.48
 -45.85
 -49.93
 37.83
 -46.22
 -32.85
 50.13
 -31.86
 -17.95
 32.75
 27.98
 -31.79
 4.450000000000003
 40.61
 39.67
 -9.780000000000001
 -41.38
 -57.3
 -47.56
 -37.58
 1.079999999999998
 19.05
 32.27
 -44.06
 -48.76
 34.53
 38.56
 -32.73
 -51.8
 -42.03
 -54.74
 -29.57
 -42.51
 35.62
 33.5
 -4.850000000000001
 -9.399999999999999
 -57.18
 14.11
 28.04000000000001
 33.93000000000001
 5.109999999999999
 -27.39
 16.83
 24.88
 -16.21
 -57.23
 -12.02
 25.7
 22.52
 30.23999999999999
 19.98
 -73
 -45.66
 29.59999999999999
 40.77
 -19.69
 26.22
 -23.57
 -32.37
 13.23
 34.43000000000001
 -14.72
 2.75
 -58.47
 -43.48
 -37.8
 -55.77
 -41.42
 -61.14
 -51.94
 -60.58
 11.04
 -46.81
 17.38
 31.83
 9.630000000000003
 10.4
 -57.89
 37.41
 -44.9
 10.47
 -55.26
 -45.66
 34.56
 -73.21000000000001
 -67.03999999999999
 -14.2
 -68.68000000000001
 -62.77
 -35.18
 -66.56
 -22.32
 -66.01000000000001
 -10.28
 -64.81
 -67.53999999999999
 -61.89
 10.81
 -65.95
 -31.26
 -65.64
 -74.21000000000001
 7.75
 -66.98
 4.579999999999998
 -64.55
 -1.030000000000001
 27.3
 5.219999999999999
 25.31999999999999
 -72.45
 22.84999999999999
 -48.65
 -70.91
 37.69
 -18.05
 -47.46
 -0.1799999999999997
 -58.05
 -47.1
 -60.4
 29.52
 3.109999999999999
 -66.51000000000001
 19.78
 -1.689999999999998
 -69.17
 -53.44
 20.95999999999999
 -44
 23.79000000000001
 28.15000000000001
 -56.88
 24.18000000000001
 -27.47
 -41.15
 -71.61
 19
 -2.520000000000003
 -67.53999999999999
 30.45
 -31.42
 -66.2
 -58.96
 -76.21000000000001
 -11.16
 25.69
 -28.69
 -62.42
 -73.08
 -57.55
 -63.99
 -23.41
 31.34
 30.59
 -27.27
 19.2
 15.25
 34.26000000000001
 -53.88
 2.960000000000001
 21.39
 8.990000000000002
 18.92
 33.8
 -27.06
 27.61
 -34.64
 19.37
 -57.66
 26.88
 36.56
 21.65000000000001
 31.59
 -50.73
 28.2
 11.28
 -55.61
 -41.52
 -37.99
 -21.53
 -50.62
 33.26000000000001
 -39.67
 -17.08
 25.84
 41.22
 -61.13
 -4.420000000000002
 24.8
 -34.66
 21.45
 -59.42
 -60.05
 19.48
 15.28
 11.18
 -50.03
 -50.25
 -21.84
 -56.96
 -17.82
 -7.079999999999998
 -46.5
 -44.58
 44.67
 15.97
 36.01000000000001
 -53.05
 29.47
 -51.39
 49.06
 42.09
 -9.579999999999998
 -53.27
 -9.579999999999998
 -54.01
 -56.23
 54.59999999999999
 -22.39
 43.47
 -19.69
 -30.12
 -45.86
 -30.44
 -55.41
 -16.7
 43.56999999999999
 -25.71
 5.710000000000001
 -36.88
 -38.22
 28.90000000000001
 -48.4
 -4.090000000000003
 -18.14
 9.509999999999998
 17.27
 48.5
 -35.64
 -43.88
 15.12
 -41.02
 43.59
 45.66
 45.8
 -47.64
 -40.84
 -17.23
 38.27
 42.47
 46.03
 -35.17
 37.83
 -6.539999999999999
 46.11
 -4.5
 39.26000000000001
 -14.04
 -14.5
 -12.67
 41.92
 -38.51
 45.56
 -2.600000000000001
 47.93000000000001
 -29.62
 -0.7999999999999972
 55.02
 14.98
 -50.23
 -5.859999999999999
 -35
 -53.13
 -39.69
 -4.520000000000003
 11.4
 -41.84
 -43.02
 34.41
 -38.24
 35.86
 19.09
 -42.82
 -36.49
 56.48
 -16.59
 -8.950000000000003
 24.95
 -33.4
 40
 31.56
 15.02
 -50.08
 -23.18
 38.5
 -39.91
 8.299999999999997
 -21.73
 44.8
 56.06999999999999
 46.48999999999999
 31.75
 56.73999999999999
 -10.04
 -6.509999999999998
 45.43000000000001
 -15.78
 -48.68
 45.52
 -61.35
 -53.86
 -49.55
 45.48
 21.03
 -31.11
 -45.84
 -44.59
 -20.8
 -35.8
 -10.23
 -21.54
 5.5
 47.37
 -47.77
 -44.34
 -41.94
 -44.2
 -21.39
 -54.82
 35.06
 42.72
 47.06
 -43.03
 -43.84
 41.76000000000001
 -25.4
 -14.09
 34
 37.27
 4.130000000000003
 -21.9
 -13.95
 -35.94
 17.97
 42.14
 -49.6
 -21.84
 -41.87
 -40.04
 -8.240000000000002
 14.38
 11.38
 46.36
 16.76000000000001
 45.97
 49.29000000000001
 -48.65
 41.77
 -9.509999999999998
 30.01000000000001
 -41.01
 -60.17
 44.06999999999999
 35.73999999999999
 -34.82
 -13.77
 -13.03
 47.12
 34.22
 27.95999999999999
 -4.770000000000003
 48.25
 -39.14
 -21.48
 40.53
 18.77
 -36.01
 -44.84
 -23.6
 -36.45
 -22.14
 -19.08
 -54.16
 6.159999999999997
 -48.18
 44.81
 8.850000000000001
 -48.46
 28.70999999999999
 25.08
 42.33
 51.05
 -46.92
 -57.98
 32.31
 -1.75
 40.37
 35.75
 -44.94
 -53.82
 46.92
 8.310000000000002
 33.28
 -30.87
 -45.62
 -43.11
 22
 38.34
 13.3
 39.20999999999999
 -24.86
 9.030000000000001
 22.26000000000001
 35.98
 44.45999999999999
 28.41
 14
 37.92
 -44.06
 48.39
 27.27
 45.56
 -48.95
 42.22
 44.70999999999999
 14.36
 31.48
 -28.76
 -3.770000000000003
 -51.5
 38.77
 52.33
 -14.4
 -25.06
 -51.03
 -41.24
 -55.9
 -48.05
 -57.78
 -46.79
 45.09
 -31.47
 -36.81
 50.75
 48.83
 8.170000000000002
 14.5
 -15.16
 -16.68
 21.59999999999999
 52.77
 53.08
 43.91
 -10.42
 25.84
 47.67
 -47.5
 33.39
 44.98
 -48.79
 -12.78
 42.43000000000001
 -36.89
 -50.51
 37.3
 -37
 -33.8
 -51.09
 -14.87
 -44.46
 -19.54
 -27.43
 -4.75
 -34.94
 -41.44
 -49.27
 44.12
 34.78
 -53.17
 11.88
 -44.8
 -11.23
 51.67
 -33.08
 -38.51
 49.68000000000001
 -25.38
 1.530000000000001
 44.29000000000001
 -28.55
 -30.38
 52.11
 -34.54
 35.31
 35.77
 19.34
 22.92
 19.08
 -39.1
 27.18000000000001
 -8.109999999999999
 47.95999999999999
 -50.55
 -46.74
 -44.53
 5.490000000000002
 37.95999999999999
 50.97
 39.26000000000001
 -33.88
 -48.03
 23.78
 27.81
 35.26000000000001
 23.47
 -19.28
 13.39
 -37.62
 -51.49
 42.36
 45.44
 -35.17
 -46.27
 53.3
 27.88
 -34.6
 -11.45
 -50.9
 -45.72
 -4.460000000000001
 -5.280000000000001
 52.77
 53.33
 15.94
 -23.27
 16.86
 18.27
 -46.66
 41
 33.39
 -51.36
 -18.56
 -26.52
 12.16
 -25.51
 -16.18
 2.420000000000002
 23.73
 -55.95
 11.53
 -35.56
 7.369999999999997
 -11.77
 9.450000000000003
 -25.23
 -37.47
 -49.37
 -8.390000000000001
 -52.14
 33.34
 -31.01
 -13.39
 -50.93
 -33.83
 20.12
 18.75
 -1.539999999999999
 28.02
 42.34999999999999
 41.27
 -13.36
 -37.91
 -53.89
 28.41
 -28.18
 -55.79
 32.64
 -49.61
 9.200000000000003
 -56.89
 -28.69
 48.5
 23.56
 -16.42
 -18.72
 -0.9200000000000017
 2.869999999999997
 14.34999999999999
 -48.75
 29.25
 -49.75
 -41.94
 -51.19
 -21.82
 -21.24
 35.8
 54.40000000000001
 39.84999999999999
 41.14
 -25.75
 -34.68
 -50.5
 21.31999999999999
 -44.75
 -57.44
 -40.26
 28.34
 -19.07
 -38.9
 39.68000000000001
 47.03
 -46.65
 42.81
 -11.34
 -30.86
 36.05
 -52.09
 5.479999999999997
 -34.9
 43.48999999999999
 -54.31
 -40.25
 -42.19
 -8.380000000000003
 -47.68
 -5.170000000000002
 20.70999999999999
 49.41
 -24.37
 49.7
 -50.34
 41.89
 0.759999999999998
 -11.48
 -26.98
 -45.51
 -11.63
 6.020000000000003
 -46.19
 32.92
 -41.49
 39.3
 -16
 -39
 50.81999999999999
 13.54
 -46.62
 31.13
 17.67
 46.70999999999999
 -54.99
 -32.72
 35.98999999999999
 52.58
 40.73999999999999
 -22.49
 42.55
 18.68000000000001
 35.17
 45.63
 29.26000000000001
 -11.6
 -59.93
 -35.89
 23.65000000000001
 -49.31
 38.20999999999999
 47.77
 -15.37
 -42.09
 -48.06
 52.62
 37.52
 29.76000000000001
 12.5
 -47.16
 -49.27
 3.829999999999998
 -49.08
 41.41
 -47.41
 5.490000000000002
 -54.94
 9.759999999999998
 -18.87
 -14.2
 -45.86
 27.48
 -28.61
 -49.53
 -29.05
 45.79000000000001
 49.44
 -45.45
 11.7
 4.350000000000001
 -47.88
 44.2
 18.20999999999999
 -54.6
 -48.28
 -46.65
 -13.65
 -47.71
 34.88
 48.90000000000001
 -57.34
 -49.96
 -47.59
 -52.65
 -22.87
 22.22
 -63.87
 -9.450000000000003
 -49.87
 12.52
 37.98
 52.81
 -48.01
 -38.67
 43.09
 17.54000000000001
 -14.05
 27.98
 51.29000000000001
 46.06999999999999
 50.41
 37.79000000000001
 41.66
 -56.3
 -11.48
 -12.72
 30.95999999999999
 -17.05
 -2.93
 6.520000000000003
 -13.07
 -37.6
 -44.16
 -42.74
 32.29000000000001
 -46.93
 -54.99
 -39.48
 27.84
 -46.06
 11.08
 -13.33
 -16.22
 18.31
 53.98
 -53.65
 35.78
 -52.33
 20.40000000000001
 -52.34
 -41.31
 -9.469999999999999
 39.27
 -7.57
 -38.4
 -10.05
 44.12
 -7.020000000000003
 22.3
 35.08
 8.170000000000002
 36.55
 -41.2
 47.61
 15.98
 24.54000000000001
 11.2
 46.14
 -35.52
 22.64
 29.68000000000001
 16.37
 -53.28
 45.62
 36.75
 -48.04
 -51.08
 -38.89
 19.98999999999999
 51.62
 26.98999999999999
 33.42
 -31.33
 -54.75
 -44.27
 -32.63
 -37.79
 -19.29
 -47.58
 -48.28
 30.93000000000001
 50.20999999999999
 48.05
 -36.07
 55.47
 -45.34
 -22.58
 -31.88
 35.84999999999999
 43.04000000000001
 52.20999999999999
 -39.38
 -53.25
 48.64
 -5.25
 1.979999999999997
 17.01000000000001
 49.64
 -29.27
 43.34999999999999
 -41.2
 -47.25
 26.47
 -40.86
 -24.49
 -1.039999999999999
 -10.24
 45.27
 -1
 -50.99
 39.43000000000001
 44.45
 -35.92
 -9.079999999999998
 48.52
 -42.42
 32.92
 3.020000000000003
 -25.09
 38.59
 28.62
 -41.7
 -51.4
 16.98999999999999
 34.15000000000001
 13.89
 37.37
 45.70999999999999
 7.219999999999999
 6.390000000000001
 49.45999999999999
 -37.39
 19.98
 45.44
 -31.83
 -4.130000000000003
 -26.56
 -38.79
 50.55
 48.34999999999999
 -45.24
 -44.55
 -18.85
 -21.65
 43.06999999999999
 3.579999999999998
 43.23999999999999
 -45.4
 -46.74
 -44.79
 -32.46
 44.56999999999999
 39.64
 22.38
 41.79000000000001
 -6.200000000000003
 -18.33
 -14.98
 2.899999999999999
 47.09999999999999
 -12.72
 13.33
 -5.130000000000003
 38.16
 -29.67
 -49.28
 -11.02
 -47.71
 36.17
 -32.98
 46.70999999999999
 -18.12
 -48.33
 -48.06
 29.34
 -36.83
 -44.23
 36.13
 24.55
 42.54000000000001
 -47.89
 41
 32.92
 -12.61
 -35.25
 2.049999999999997
 -3.149999999999999
 18.42
 -45.84
 20.98
 -42.49
 -43.96
 11.09
 -28.19
 -30.88
 -35.04
 -30.86
 13.22
 46.38
 -22.96
 -56.88
 -15.41
 0.1300000000000026
 -26.26
 53.3
 -22.31
 -39.36
 13.26
 22.98999999999999
 29.44
 -50.06
 26.03
 -41.6
 41.94
 -9.340000000000003
 43.7
 -37.72
 -38.22
 54.77
 -16.1
 8.82
 -51.86
 -38.42
 -47.25
 -41.4
 43.45999999999999
 -34.32
 -10.69
 14.22
 49.38
 -19.83
 -34.75
 -42.64
 43.2
 -53.85
 -30.67
 -54.98
 -30.73
