2
87
89
-9
-28
-219
-518
-794
-1042
-1100
-745
-432
-75
52
60
44
74
21
41
98
0
92
43
-50
-155
-372
-635
-841
-719
-547
-271
-106
8
88
52
89
28
54
80
5
1
15
-34
-162
-248
-448
-629
-494
-357
-160
-30
43
52
49
20
44
43
12
20
89
-8
-2
-90
500
-319
-426
-300
-194
-101
27
-27
8
50
8
17
96
30
47
85
41
-49
-9
-180
-240
-199
-215
-106
10
-6
25
-9
72
33
3
57
100
95
4
35
-42
-30
-10
-44
-44
-15
-61
-22
32
51
-11
5
30
6
10
90
45
25
-58
21
71
30
7
25
70
81
2
-9
-46
76
62
42
94
2
0
18
-24
-4
-28
21
69
66
74
148
63
-13
-56
-16
65
94
63
17
75
41
19
-53
-145
20
79
229
241
266
213
116
-68
-217
-73
6
1
8
57
96
56
-37
-162
-133
34
256
263
314
327
236
50
-205
-284
-61
23
4
94
96
95
31
-147
-423
-192
167
306
455
520
531
326
