# Created by Octave 3.8.2, Sun Dec 07 20:10:07 2014 EET <luoliangyi@localhost.localdomain>
# name: tyA
# type: matrix
# rows: 10000
# columns: 1
# The signal have been shifted leftward by 200, downward by 50. That is all x-200, y-50. Then mirrored. 
 0.4399999999999977
 -38.87
 25.76000000000001
 -59.61
 -53.91
 20.17
 24.83
 -56.37
 -48.58
 -67.81999999999999
 -55.33
 33.56999999999999
 19.23
 -40.66
 29.87
 -50.68
 -15.55
 -16.3
 -38.53
 -51.48
 -19.67
 18.25
 28.65000000000001
 -62.39
 13.87
 21.45
 -77.14
 9.539999999999999
 -21.58
 -71.06999999999999
 -16.12
 -21.71
 -83.16
 -77.89
 -16.62
 -1.039999999999999
 -87.77000000000001
 -52.91
 1.289999999999999
 -84.22
 -38.05
 13.82
 -91.47999999999999
 -79.31999999999999
 -89.59999999999999
 -23.52
 -52.78
 -2.770000000000003
 -94.87
 -18.4
 -57.23
 -18.83
 -76.8
 -16.09
 -99.19
 -12.12
 -49.91
 -115.42
 -120.5
 -128.69
 -121.82
 -60.23
 -35.89
 -46.81
 -55.97
 -74.18000000000001
 -134.54
 -146.05
 -102.11
 -62.99
 -126.7
 -154.76
 -156.1
 -111.95
 -140.83
 -165.85
 -151.72
 -76.53
 -137.3
 -150.91
 -96.81
 -105.34
 -100.99
 -167.41
 -174.97
 -183.79
 -179.38
 -110.02
 -109.32
 -131.2
 -117.27
 -131.45
 -222.53
 -222.33
 -231.27
 -174.34
 -212.75
 -196.95
 -251.99
 -225.05
 -162.01
 -265.77
 -254.59
 -279.86
 -280.86
 -182.17
 -222.73
 -291.78
 -217
 -206.16
 -213.11
 -212.44
 -315.12
 -238.27
 -279.06
 -236.64
 -283.21
 -312.53
 -345.97
 -250.19
 -354.39
 -282.79
 -365.88
 -304.09
 -372.95
 -332.15
 -400.07
 -307.83
 -393.95
 -380.73
 -404.79
 -338.92
 -429.79
 -330.93
 -442.05
 -444.16
 -452.26
 -366.47
 -457.1
 -386.9
 -394.86
 -383.72
 -478.47
 -488.89
 -415.84
 -500.65
 -428.42
 -454.07
 -476.16
 -443.33
 -512.88
 -467.3
 -472.59
 -571.15
 -576.67
 -561.9400000000001
 -511.31
 -594.8099999999999
 -569.4
 -611.72
 -542.05
 -570.16
 -609.61
 -579.13
 -583.63
 -612.15
 -632.9299999999999
 -580.85
 -576.25
 -622.29
 -666.5700000000001
 -704.21
 -657.4299999999999
 -616.24
 -629.25
 -697.6799999999999
 -709.26
 -733.6799999999999
 -664.13
 -671.9299999999999
 -726.5700000000001
 -696.67
 -675.53
 -734.17
 -785.3200000000001
 -797.3
 -717.84
 -724.52
 -737.08
 -748.52
 -735.99
 -829.23
 -804.17
 -765.53
 -842.1900000000001
 -868.51
 -811.45
 -824.5599999999999
 -882.4299999999999
 -901.78
 -901.02
 -907.53
 -854.34
 -825.77
 -910.8200000000001
 -853.8099999999999
 -898.0700000000001
 -852.7
 -918.48
 -936.39
 -964.1799999999999
 -873.5700000000001
 -978.66
 -885.12
 -892.89
 -944.33
 -1001.5
 -924.38
 -943.61
 -1019.76
 -1022.08
 -968.59
 -987.0599999999999
 -1044.67
 -960.65
 -1010.26
 -976.89
 -1056.74
 -991.7
 -1058.28
 -975.4299999999999
 -1053.29
 -1071.81
 -1058.84
 -997.15
 -994.0599999999999
 -1009.16
 -1007.62
 -1031.25
 -1069.75
 -1049.96
 -1032.9
 -1046.79
 -1083.14
 -1119.73
 -1021.03
 -1106.75
 -1076.66
 -1033.56
 -1048.39
 -1077.71
 -1048.99
 -1136.76
 -1146.82
 -1114.73
 -1092.83
 -1150.03
 -1090.67
 -1060.91
 -1144.64
 -1145.13
 -1074.92
 -1113.03
 -1122.37
 -1148.59
 -1102.6
 -1057.04
 -1101.61
 -1157.55
 -1105.7
 -1094.05
 -1061.01
 -1158.78
 -1150.86
 -1061.7
 -1135.17
 -1106.38
 -1070.63
 -1148.85
 -1149.35
 -1133.26
 -1147.99
 -1149.34
 -1069.05
 -1069.43
 -1051.69
 -1066.72
 -1058.25
 -1041.45
 -1068.61
 -1028.69
 -1134.71
 -1027.52
 -1112.74
 -1102.24
 -1074.41
 -1047.85
 -1107.39
 -1049.52
 -1001.56
 -1085.56
 -1079.06
 -991.73
 -990.5599999999999
 -1027.82
 -1004.65
 -976.6799999999999
 -1007.9
 -1066.47
 -1048.47
 -1056.07
 -965.33
 -1015.19
 -947.73
 -972.48
 -938.39
 -986.4400000000001
 -993.0599999999999
 -979.5700000000001
 -915.4299999999999
 -912.33
 -975.6900000000001
 -996.78
 -938.47
 -899.89
 -982.15
 -950.24
 -945.72
 -878.04
 -857.54
 -881.48
 -839.73
 -899.65
 -919.15
 -859.97
 -867.1799999999999
 -887.04
 -812.62
 -806.0599999999999
 -893.59
 -797.09
 -774.8200000000001
 -855.16
 -840.16
 -849.88
 -762.45
 -847.88
 -762.85
 -747.87
 -802.16
 -721.54
 -735.6900000000001
 -716.58
 -788.45
 -698.88
 -746.6
 -751.65
 -728.1900000000001
 -750.05
 -645.5599999999999
 -645.3200000000001
 -639.3
 -700.5599999999999
 -624.77
 -708.23
 -656.08
 -606.62
 -596
 -625.62
 -567.4400000000001
 -640.62
 -647.47
 -589.24
 -553.76
 -593.9400000000001
 -536.12
 -591.21
 -583.49
 -601.09
 -533.21
 -572.65
 -503.82
 -501.21
 -485.26
 -565.5700000000001
 -550.5799999999999
 -490.32
 -543
 -487.38
 -511.7
 -525.62
 -496.85
 -498.87
 -502.17
 -408.47
 -405.61
 -497.55
 -472.75
 -376.46
 -392.08
 -421.69
 -380.43
 -439.95
 -418.62
 -373.57
 -406.67
 -324.34
 -336.9
 -312.05
 -319.82
 -323.66
 -298.47
 -287.74
 -289.17
 -309.59
 -303.77
 -305.97
 -310.1
 -252.26
 -305.23
 -257.37
 -244.21
 -266.8
 -325.07
 -311.81
 -249.92
 -289.07
 -223.04
 -211.12
 -265.13
 -279.11
 -246.8
 -186.67
 -267.2
 -224.91
 -208.39
 -216.61
 -183.45
 -200.44
 -240.98
 -254.89
 -233.07
 -234.31
 -145.91
 -137.23
 -121.61
 -193.21
 -166.59
 -204.93
 -142.59
 -165.82
 -194.07
 -125.42
 -104.83
 -105.96
 -129.9
 -179
 -96.44
 -111.5
 -178.11
 -177.07
 -121.66
 -140.7
 -72.88
 -134.4
 -167.96
 -154.54
 -128.22
 -88.8
 -115.79
 -48.57
 -60.32
 -40.27
 -44.53
 -132.27
 -99.64
 -88.86
 -124
 -30.36
 -38.48
 -41.78
 -101.79
 -88.97
 -29.5
 -121.01
 -107.77
 -25.33
 -109.46
 -44.46
 -25.06
 -95.97999999999999
 -96.88
 -14.04
 -2.979999999999997
 -5.030000000000001
 -87.99000000000001
 5.859999999999999
 -98.18000000000001
 7.270000000000003
 -85.69
 -78.98999999999999
 -80.71000000000001
 7.479999999999997
 -54.16
 -71.87
 11.6
 -63.3
 -69.61
 -40.07
 -76.88
 -13.4
 -14.53
 -45.4
 -67.81999999999999
 -8.619999999999997
 27.19
 -56.01
 -38.93
 -71.31
 7.75
 -61.47
 -67.2
 16.61
 29.68000000000001
 -44.67
 -64.48999999999999
 28.58
 41.68000000000001
 -59.77
 -29.57
 51.55
 -50.48
 -64.03
 28.59
 2.950000000000003
 20.01000000000001
 38.81999999999999
 -8.210000000000001
 24.51000000000001
 -4.829999999999998
 19.51000000000001
 -45.35
 -63.17
 46.47
 37.98999999999999
 42.72
 -12.27
 46.12
 -54.65
 40.83
 65.84999999999999
 51.72
 -23.47
 37.3
 50.91
 -3.189999999999998
 5.340000000000003
 0.990000000000002
 67.41
 74.97
 83.78999999999999
 79.38
 10.02
 9.32
 31.2
 17.27
 31.45
 122.53
 122.33
 131.27
 74.34
 112.75
 96.94999999999999
 151.99
 125.05
 62.01000000000001
 165.77
 154.59
 179.86
 180.86
 82.16999999999999
 122.73
 191.78
 117
 106.16
 113.11
 112.44
 215.12
 138.27
 179.06
 136.64
 183.21
 212.53
 245.97
 150.19
 254.39
 182.79
 265.88
 204.09
 272.95
 232.15
 300.07
 207.83
 293.95
 280.73
 304.79
 238.92
 329.79
 230.93
 342.05
 344.16
 352.26
 266.47
 357.1
 286.9
 294.86
 283.72
 378.47
 388.89
 315.84
 400.65
 328.42
 354.07
 376.16
 343.33
 412.88
 367.3
 372.59
 471.15
 476.67
 461.94
 411.31
 494.8099999999999
 469.4
 511.72
 442.05
 470.16
 509.61
 479.13
 483.63
 512.15
 532.9299999999999
 480.85
 476.25
 522.29
 566.5700000000001
 604.21
 557.4299999999999
 516.24
 529.25
 597.6799999999999
 609.26
 633.6799999999999
 564.13
 571.9299999999999
 626.5700000000001
 596.67
 575.53
 634.17
 685.3200000000001
 697.3
 617.84
 624.52
 637.08
 648.52
 635.99
 729.23
 704.17
 665.53
 742.1900000000001
 768.51
 711.45
 724.5599999999999
 782.4299999999999
 801.78
 801.02
 807.53
 754.34
 725.77
 810.8200000000001
 753.8099999999999
 798.0700000000001
 752.7
 818.48
 836.39
 864.1799999999999
 773.5700000000001
 878.66
 785.12
 792.89
 844.33
 901.5
 824.38
 843.61
 919.76
 922.08
 868.59
 887.0599999999999
 944.67
 860.65
 910.26
 876.89
 956.74
 891.7
 958.28
 875.4299999999999
 953.29
 971.8099999999999
 958.84
 897.15
 894.0599999999999
 909.16
 907.62
 931.25
 969.75
 949.96
 932.9
 946.79
 983.1400000000001
 1019.73
 921.03
 1006.75
 976.6600000000001
 933.5599999999999
 948.39
 977.71
 948.99
 1036.76
 1046.82
 1014.73
 992.8299999999999
 1050.03
 990.6700000000001
 960.91
 1044.64
 1045.13
 974.9200000000001
 1013.03
 1022.37
 1048.59
 1002.6
 957.04
 1001.61
 1057.55
 1005.7
 994.05
 961.01
 1058.78
 1050.86
 961.7
 1035.17
 1006.38
 970.63
 1048.85
 1049.35
 1033.26
 1047.99
 1049.34
 969.05
 969.4299999999999
 951.6900000000001
 966.72
 958.25
 941.45
 968.61
 928.6900000000001
 1034.71
 927.52
 1012.74
 1002.24
 974.4100000000001
 947.85
 1007.39
 949.52
 901.5599999999999
 985.5599999999999
 979.0599999999999
 891.73
 890.5599999999999
 927.8200000000001
 904.65
 876.6799999999999
 907.9
 966.47
 948.47
 956.0700000000001
 865.33
 915.1900000000001
 847.73
 872.48
 838.39
 886.4400000000001
 893.0599999999999
 879.5700000000001
 815.4299999999999
 812.33
 875.6900000000001
 896.78
 838.47
 799.89
 882.15
 850.24
 845.72
 778.04
 757.54
 781.48
 739.73
 799.65
 819.15
 759.97
 767.1799999999999
 787.04
 712.62
 706.0599999999999
 793.59
 697.09
 674.8200000000001
 755.16
 740.16
 749.88
 662.45
 747.88
 662.85
 647.87
 702.16
 621.54
 635.6900000000001
 616.58
 688.45
 598.88
 646.6
 651.65
 628.1900000000001
 650.05
 545.5599999999999
 545.3200000000001
 539.3
 600.5599999999999
 524.77
 608.23
 556.08
 506.62
 496
 525.62
 467.4400000000001
 540.62
 547.47
 489.24
 453.76
 493.9400000000001
 436.12
 491.21
 483.49
 501.09
 433.21
 472.65
 403.82
 401.21
 385.26
 465.5700000000001
 450.58
 390.32
 443
 387.38
 411.7
 425.62
 396.85
 398.87
 402.17
 308.47
 305.61
 397.55
 372.75
 276.46
 292.08
 321.69
 280.43
 339.95
 318.62
 273.57
 306.67
 224.34
 236.9
 212.05
 219.82
 223.66
 198.47
 187.74
 189.17
 209.59
 203.77
 205.97
 210.1
 152.26
 205.23
 157.37
 144.21
 166.8
 225.07
 211.81
 149.92
 189.07
 123.04
 111.12
 165.13
 179.11
 146.8
 86.66999999999999
 167.2
 124.91
 108.39
 116.61
 83.44999999999999
 100.44
 140.98
 154.89
 133.07
 134.31
 45.91
 37.23
 21.61
 93.21000000000001
 66.59
 104.93
 42.59
 65.81999999999999
 94.06999999999999
 25.42
 4.829999999999998
 5.960000000000001
 29.90000000000001
 79
 -3.560000000000002
 11.5
 78.11000000000001
 77.06999999999999
 21.66
 40.7
 -27.12
 34.40000000000001
 67.95999999999999
 54.54000000000001
 28.22
 -11.2
 15.79000000000001
 -51.43
 -39.68
 -59.73
 -55.47
 32.27
 21.14
 -33.73
 -50.76
 -55.66
 -28.21
 -46.23
 -12.3
 -0.2999999999999972
 39.68000000000001
 -44.91
 31.66
 -5
 -56.1
 13.09
 36.43000000000001
 -72.58
 -62.66
 -56.23
 16.84
 -57.24
 -73.69
 21.48999999999999
 -10.95
 5.399999999999999
 -69.94
 -84.25
 -84.03
 -35.17
 -50.29
 -20.03
 12.55
 26.20999999999999
 -25.32
 5.810000000000002
 1.329999999999998
 -46.97
 -93.75
 -65.68000000000001
 -82.47999999999999
 -97.3
 -24.48
 -55.71
 -12.08
 -89.91
 -34.79
 -83.81
 -86.44
 -26.7
 -29.95
 -14.64
 -38.43
 -61.2
 -21.55
 -110.95
 -107.42
 -116.74
 -99.75999999999999
 -111.86
 -106.8
 -67.92
 -23.11
 -43.61
 -32.41
 -122.91
 -37.25
 -138.37
 -133.43
 -69.12
 -152.74
 -62.04
 -108.49
 -62.89
 -83.02000000000001
 -48.91
 -107.29
 -59.83
 -136.69
 -71.39
 -86.43000000000001
 -77.48999999999999
 -88.46000000000001
 -129.15
 -176.24
 -148.71
 -96.93000000000001
 -114.41
 -144.83
 -111.27
 -194.38
 -107.04
 -218.03
 -111.2
 -199.07
 -215.72
 -130.36
 -134.08
 -130.7
 -202.4
 -225.35
 -142.81
 -203.99
 -252.97
 -180.96
 -251.52
 -262.38
 -188.48
 -191.42
 -259.66
 -185.32
 -227.28
 -281.11
 -197.6
 -285.63
 -293.16
 -296.6
 -265.96
 -252.1
 -232.21
 -240.51
 -235.01
 -319.21
 -280.45
 -278.63
 -284.4
 -308.12
 -362.07
 -271.66
 -344.73
 -277.85
 -372.66
 -336.02
 -293.63
 -372.05
 -373.99
 -344.64
 -410.2
 -392.85
 -422.35
 -423.1
 -415.99
 -369.34
 -435.44
 -368.08
 -355.84
 -359.54
 -369.97
 -463.98
 -473.61
 -394.15
 -424.78
 -419.34
 -455.94
 -393.77
 -452.43
 -436.7
 -456.15
 -501.01
 -448.44
 -445.79
 -541.86
 -484.46
 -468.95
 -567.76
 -526.87
 -566.92
 -553.9300000000001
 -551.05
 -510.68
 -548.1800000000001
 -542.78
 -591.86
 -531.02
 -532.97
 -601.29
 -634.27
 -632.78
 -642.01
 -592.9299999999999
 -665.89
 -577.72
 -613.97
 -577.8200000000001
 -676.99
 -694.67
 -686.5
 -600.62
 -613.14
 -610.91
 -670.76
 -703.48
 -627.05
 -642.67
 -739.2
 -722.8200000000001
 -730.2
 -718.53
 -662.48
 -764.38
 -750.74
 -769.78
 -780.83
 -732.87
 -768.25
 -788.85
 -747.48
 -723.97
 -796.63
 -766.0599999999999
 -764.4400000000001
 -725.8099999999999
 -812.22
 -732.59
 -824.74
 -833.0599999999999
 -807.75
 -758.33
 -786.46
 -853.89
 -837.49
 -855.77
 -772.58
 -867.27
 -835.8200000000001
 -776.61
 -803.89
 -804.27
 -834.64
 -887.97
 -814.63
 -848.37
 -821.16
 -863.12
 -838.52
 -909.27
 -906.33
 -908.15
 -868.52
 -908.55
 -864.92
 -856.65
 -908.91
 -908.91
 -917.66
 -844.04
 -829.85
 -928.3
 -842.15
 -926.27
 -907.23
 -901.6
 -936.22
 -856.21
 -910.49
 -901.59
 -853.54
 -838.79
 -937.9
 -941.91
 -913.41
 -852.0700000000001
 -862.45
 -857.2
 -848.71
 -888.72
 -945.02
 -908.66
 -927.76
 -848.73
 -947.1799999999999
 -889.1799999999999
 -897.83
 -938.79
 -903.9299999999999
 -853.78
 -928.5599999999999
 -875.87
 -931.35
 -826.92
 -832.26
 -858.37
 -923.12
 -823.4400000000001
 -917.64
 -904.46
 -842.25
 -821.05
 -905.41
 -878.89
 -803.41
 -887.6
 -815.73
 -810
 -810.04
 -872.51
 -876.64
 -870.05
 -784.8200000000001
 -773.51
 -773.87
 -784.15
 -830.91
 -853.29
 -819.05
 -854.62
 -810.3200000000001
 -810.24
 -791.4299999999999
 -849
 -822.86
 -754.78
 -786.58
 -785.99
 -752.04
 -785.86
 -738.5599999999999
 -756.55
 -712.79
 -702.46
 -714.98
 -775.62
 -681.86
 -778.9400000000001
 -664.37
 -660.83
 -764.65
 -748.9400000000001
 -704.03
 -744.55
 -688.89
 -736.1900000000001
 -655.14
 -686.39
 -720.0599999999999
 -704.3099999999999
 -675.4299999999999
 -613.65
 -609.79
 -672.17
 -672.4299999999999
 -636.54
 -621.26
 -630.64
 -562.6900000000001
 -612.04
 -661.85
 -606.8
 -627.39
 -622.0700000000001
 -572.4400000000001
 -618.58
 -572.47
 -614.4
 -611.48
 -578
 -586.29
 -493.34
 -500.53
 -569.74
 -487.87
 -563.01
 -538.63
 -541.54
 -451.47
 -437.09
 -435.92
 -433.39
 -463.28
 -486.56
 -412.08
 -509.95
 -417.48
 -480.13
 -417.16
 -392.63
 -380.7
 -442.47
 -456.4
 -447.34
 -451.47
 -437.04
 -443.84
 -377.68
 -429.18
 -432.41
 -421.92
 -314.25
 -396.04
 -341.12
 -313.61
 -394.9
 -289.93
 -385.05
 -316.32
 -293.14
 -281.2
 -332.49
 -355.48
 -263.44
 -314.24
 -325.19
 -343.6
 -240.08
 -324.13
 -319.97
 -326.23
 -298.19
 -287.38
 -208.69
 -283.48
 -255.74
 -224.53
 -212.59
 -198.27
 -243.17
 -236.07
 -274.87
 -243.18
 -203.05
 -231.4
 -186.77
 -154.1
 -247.01
 -169.24
 -140.26
 -160.1
 -239.11
 -187.48
 -135.33
 -190.06
 -125.37
 -205.83
 -176.86
 -103.72
 -184.8
 -99.18000000000001
 -199.8
 -192.77
 -103.33
 -90.75
 -180.07
 -96.06
 -134.21
 -91.83
 -177.59
 -71.56
 -69.63
 -162.03
 -70.43000000000001
 -130.6
 -132.47
 -145.17
 -113.26
 -66.58
 -144.4
 -101.43
 -131.19
 -50.96
 -136.88
 -78.98
 -73.34
 -118.11
 -38.22
 -49.51
 -104.53
 -97.03
 -99.16
 -18.84
 -18.66
 -27.4
 -18.21
 -73.48999999999999
 -116.91
 -53.97
 -5.329999999999998
 -97.99000000000001
 -3.130000000000003
 -97.46000000000001
 -59.66
 -22.04
 -62.63
 -77.28
 -11.9
 -32.36
 -22.61
 -35.11
 -30.26
 -5.990000000000002
 19.3
 -69.75
 -87.81999999999999
 -76.78
 -11.77
 12.06
 11.88
 -26.31
 -42.99
 -76.17
 10.34
 -15.53
 -19.97
 -75.62
 -31.58
 25.95999999999999
 -41.04
 22.84
 -52.07
 -62.65
 -57.41
 -69.37
 -63.69
 -67.26000000000001
 29.61
 -62.95
 -56.64
 -11.57
 3.140000000000001
 -61.83
 -24
 -38.56
 -47.68
 -44.09
 13.46
 -46.34
 -45.16
 -60.14
 30.58
 26.29000000000001
 15.47
 -50.63
 -12.51
 -55.09
 18.17
 -58.88
 -41.19
 31.87
 -31.34
 -54.68
 -61.86
 25.73999999999999
 -1.07
 -0.1899999999999977
 -26.16
 -63.39
 43.03
 -17.23
 34.59
 24.12
 45.22
 30.09
 -51.09
 7.289999999999999
 -40.17
 36.69
 -28.61
 -13.57
 -22.51
 -11.54
 29.15000000000001
 76.23999999999999
 48.70999999999999
 -3.07
 14.41
 44.83
 11.27
 94.38
 7.039999999999999
 118.03
 11.2
 99.06999999999999
 115.72
 30.36
 34.08
 30.7
 102.4
 125.35
 42.81
 103.99
 152.97
 80.96000000000001
 151.52
 162.38
 88.47999999999999
 91.41999999999999
 159.66
 85.31999999999999
 127.28
 181.11
 97.59999999999999
 185.63
 193.16
 196.6
 165.96
 152.1
 132.21
 140.51
 135.01
 219.21
 180.45
 178.63
 184.4
 208.12
 262.07
 171.66
 244.73
 177.85
 272.66
 236.02
 193.63
 272.05
 273.99
 244.64
 310.2
 292.85
 322.35
 323.1
 315.99
 269.34
 335.44
 268.08
 255.84
 259.54
 269.97
 363.98
 373.61
 294.15
 324.78
 319.34
 355.94
 293.77
 352.43
 336.7
 356.15
 401.01
 348.44
 345.79
 441.86
 384.46
 368.95
 467.76
 426.87
 466.92
 453.93
 451.05
 410.68
 448.18
 442.78
 491.86
 431.02
 432.97
 501.29
 534.27
 532.78
 542.01
 492.9299999999999
 565.89
 477.72
 513.97
 477.8200000000001
 576.99
 594.67
 586.5
 500.62
 513.14
 510.91
 570.76
 603.48
 527.05
 542.67
 639.2
 622.8200000000001
 630.2
 618.53
 562.48
 664.38
 650.74
 669.78
 680.83
 632.87
 668.25
 688.85
 647.48
 623.97
 696.63
 666.0599999999999
 664.4400000000001
 625.8099999999999
 712.22
 632.59
 724.74
 733.0599999999999
 707.75
 658.33
 686.46
 753.89
 737.49
 755.77
 672.58
 767.27
 735.8200000000001
 676.61
 703.89
 704.27
 734.64
 787.97
 714.63
 748.37
 721.16
 763.12
 738.52
 809.27
 806.33
 808.15
 768.52
 808.55
 764.92
 756.65
 808.91
 808.91
 817.66
 744.04
 729.85
 828.3
 742.15
 826.27
 807.23
 801.6
 836.22
 756.21
 810.49
 801.59
 753.54
 738.79
 837.9
 841.91
 813.41
 752.0700000000001
 762.45
 757.2
 748.71
 788.72
 845.02
 808.66
 827.76
 748.73
 847.1799999999999
 789.1799999999999
 797.83
 838.79
 803.9299999999999
 753.78
 828.5599999999999
 775.87
 831.35
 726.92
 732.26
 758.37
 823.12
 723.4400000000001
 817.64
 804.46
 742.25
 721.05
 805.41
 778.89
 703.41
 787.6
 715.73
 710
 710.04
 772.51
 776.64
 770.05
 684.8200000000001
 673.51
 673.87
 684.15
 730.91
 753.29
 719.05
 754.62
 710.3200000000001
 710.24
 691.4299999999999
 749
 722.86
 654.78
 686.58
 685.99
 652.04
 685.86
 638.5599999999999
 656.55
 612.79
 602.46
 614.98
 675.62
 581.86
 678.9400000000001
 564.37
 560.83
 664.65
 648.9400000000001
 604.03
 644.55
 588.89
 636.1900000000001
 555.14
 586.39
 620.0599999999999
 604.3099999999999
 575.4299999999999
 513.65
 509.79
 572.17
 572.4299999999999
 536.54
 521.26
 530.64
 462.6900000000001
 512.04
 561.85
 506.8
 527.39
 522.0700000000001
 472.4400000000001
 518.58
 472.47
 514.4
 511.48
 478
 486.29
 393.34
 400.53
 469.74
 387.87
 463.01
 438.63
 441.54
 351.47
 337.09
 335.92
 333.39
 363.28
 386.56
 312.08
 409.95
 317.48
 380.13
 317.16
 292.63
 280.7
 342.47
 356.4
 347.34
 351.47
 337.04
 343.84
 277.68
 329.18
 332.41
 321.92
 214.25
 296.04
 241.12
 213.61
 294.9
 189.93
 285.05
 216.32
 193.14
 181.2
 232.49
 255.48
 163.44
 214.24
 225.19
 243.6
 140.08
 224.13
 219.97
 226.23
 198.19
 187.38
 108.69
 183.48
 155.74
 124.53
 112.59
 98.27000000000001
 143.17
 136.07
 174.87
 143.18
 103.05
 131.4
 86.77000000000001
 54.09999999999999
 147.01
 69.23999999999999
 40.26000000000001
 60.09999999999999
 139.11
 87.47999999999999
 35.33
 90.06
 25.37
 105.83
 76.86
 3.719999999999999
 84.80000000000001
 -0.8200000000000003
 99.80000000000001
 92.77000000000001
 3.329999999999998
 -9.25
 80.06999999999999
 -3.939999999999998
 34.20999999999999
 -8.170000000000002
 77.59
 -28.44
 -30.37
 62.03
 -29.57
 30.59999999999999
 32.47
 45.17
 13.26
 -33.42
 44.40000000000001
 1.43
 31.19
 -49.04
 36.88
 -21.02
 -26.66
 18.11
 -61.78
 -50.49
 4.530000000000001
 -2.969999999999999
 -0.8400000000000034
 -81.16
 -81.34
 -72.59999999999999
 -81.78999999999999
 -26.51
 16.91
 -46.03
 -94.67
 28.7
 36.87
 31.61
 24.92
 26.20999999999999
 27.47
 28.09999999999999
 24.98999999999999
 32.13
 -59.79
 27.59999999999999
 30.53
 21.93000000000001
 16.56
 -36.67
 -37.9
 -72.31999999999999
 9.659999999999997
 4.630000000000003
 13.89
 -18.67
 -1.789999999999999
 -74.83
 -22.36
 -15.04
 -70.75
 -67.95
 18.94
 -62.97
 -42.39
 -20.51
 14.92
 -66.66
 -55.18
 -61.26
 -40.91
 10.51
 -40.4
 -69.3
 7.549999999999997
 -11.57
 -0.8200000000000003
 -1.740000000000002
 -18.26
 -19.51
 -97.02000000000001
 -92.81999999999999
 -92.16
 -90.15000000000001
 -113.23
 -13.22
 -97.84999999999999
 -22.25
 -38.72
 -57.88
 -36.59
 -105.31
 -43.24
 -20.93
 -31.63
 -28.65
 -22.58
 -102.05
 -45.39
 -96.24000000000001
 -69.13
 -44.96
 -119.96
 -132.91
 -70.55
 -148.59
 -89.7
 -156.9
 -120.33
 -156.26
 -157.06
 -61.4
 -140.08
 -62.04
 -101.49
 -75.87
 -177.06
 -77.59999999999999
 -86.67
 -165.45
 -98.22999999999999
 -149.62
 -133.58
 -94.42
 -180.47
 -188.63
 -195.19
 -189.32
 -192.08
 -124.15
 -198.52
 -117.37
 -110.42
 -211.07
 -138.68
 -201.25
 -183.4
 -186.91
 -213.83
 -147.72
 -160.35
 -175.14
 -156.15
 -156.73
 -261.59
 -214.84
 -243.39
 -209.81
 -278.29
 -284.27
 -236.81
 -194.3
 -192.46
 -195.39
 -270.73
 -203.6
 -210.58
 -304.32
 -264.02
 -244.8
 -298.34
 -290.44
 -326.81
 -273.04
 -340.15
 -281.05
 -341.39
 -257.4
 -264.17
 -341.34
 -291.52
 -356.11
 -280.01
 -280.88
 -298.13
 -321.4
 -372.42
 -320.88
 -363.05
 -375.23
 -329.93
 -403.31
 -315.55
 -381.33
 -413.03
 -345.2
 -430.68
 -370.16
 -419.65
 -453.45
 -359.17
 -393.52
 -376.19
 -467.93
 -464.42
 -396
 -434.15
 -430.17
 -493.43
 -396.11
 -385.4
 -482.27
 -414.11
 -425.96
 -518.77
 -531.25
 -519.29
 -435.66
 -464.34
 -541.37
 -470.08
 -466.1
 -530.4300000000001
 -475.4
 -540.6
 -525.61
 -521.8199999999999
 -556.87
 -527.11
 -491.55
 -549.45
 -585.21
 -534
 -527.55
 -578.45
 -542.9300000000001
 -519.0599999999999
 -531.5599999999999
 -618.72
 -575.22
 -620.24
 -543.4300000000001
 -594.74
 -590.54
 -563.14
 -629.92
 -626.16
 -646.1900000000001
 -651.96
 -563.84
 -573.48
 -562.6
 -576.6900000000001
 -651.65
 -584.03
 -667.13
 -586.34
 -644.26
 -674.6799999999999
 -590.2
 -688.59
 -602.36
 -646.09
 -637.4
 -600.64
 -611.37
 -644.88
 -637.4299999999999
 -698.3200000000001
 -617.64
 -658.52
 -682.4299999999999
 -718.4
 -717.1900000000001
 -716.74
 -731.6
 -701.78
 -723.05
 -625.09
 -636.48
 -734.55
 -733.73
 -683.73
 -636.35
 -692.59
 -734.42
 -708.9400000000001
 -713.47
 -666.78
 -665.53
 -653.5
 -724.37
 -686.5
 -660.65
 -646.27
 -653.98
 -640.42
 -666.95
 -663.26
 -670.88
 -660.2
 -703.63
 -668.61
 -678.54
 -729.61
 -748.6799999999999
 -733.48
 -699.95
 -747.87
 -734.16
 -726.35
 -645.01
 -672.4299999999999
 -688.95
 -691.2
 -683.39
 -648.11
 -624.01
 -684.45
 -697.6900000000001
 -718.7
 -637.8200000000001
 -651.25
 -719.63
 -708.91
 -638.15
 -717.7
 -690.02
 -612.5599999999999
 -614.53
 -661.59
 -596.74
 -655.85
 -689.55
 -594.8099999999999
 -592.1
 -595.45
 -580.4299999999999
 -622.92
 -583.33
 -678.29
 -587.5700000000001
 -580.9299999999999
 -620.79
 -599.92
 -651.23
 -571.25
 -649.7
 -644.17
 -586.3
 -584.48
 -616.45
 -627.84
 -637.62
 -590.22
 -571.6799999999999
 -567.59
 -619.5
 -537.35
 -616.3
 -565.2
 -523.22
 -546.6800000000001
 -599.6
 -506.95
 -571.74
 -581.78
 -487.14
 -525.6600000000001
 -556.13
 -564.77
 -464.65
 -523.77
 -542.0699999999999
 -534.0699999999999
 -498.64
 -532.8299999999999
 -441.68
 -493.53
 -436.54
 -497.89
 -423.61
 -470.69
 -410.03
 -477.37
 -506.96
 -494.79
 -394.36
 -435.88
 -395.85
 -378.49
 -438.07
 -442.46
 -405.17
 -451.62
 -389.86
 -388.54
 -353.88
 -345.01
 -392.95
 -407.87
 -345.11
 -418.99
 -402.98
 -404.76
 -303.69
 -318.35
 -304.96
 -308.54
 -298.21
 -297.02
 -292.45
 -293.27
 -347.82
 -295.24
 -268.22
 -355.25
 -282.4
 -255.13
 -247.66
 -339.27
 -305.74
 -266.9
 -326.46
 -253.38
 -267.65
 -231.14
 -224.91
 -308.26
 -213.29
 -243.46
 -273.54
 -294.19
 -193.87
 -201.32
 -225.93
 -271.11
 -270.54
 -215.47
 -175.8
 -266.91
 -254.17
 -169.89
 -251.19
 -234.59
 -247.49
 -143.68
 -234.27
 -231.44
 -188.05
 -147.18
 -222.45
 -219.74
 -117.09
 -215.81
 -197.46
 -208.4
 -201.55
 -142.04
 -177.71
 -194.06
 -181.37
 -116.98
 -151.8
 -98.97999999999999
 -82.91
 -172.56
 -83.18000000000001
 -83.96000000000001
 -151.23
 -90.25999999999999
 -76.61
 -98.33
 -137.47
 -96.50999999999999
 -160.17
 -55.34
 -90.68000000000001
 -148.89
 -126.3
 -119.88
 -60.42
 -120.35
 -138.11
 -106.95
 -53.57
 -76.92
 -129.08
 -34.09
 -120.12
 -91.34
 -103.48
 -46.75
 -29.45
 -116.45
 -20.64
 -109.53
 -115.58
 -116.13
 -49.33
 -37.77
 -92.38
 -17.35
 -24.43
 -23.78
 -14.58
 -25.96
 -52.07
 -11.47
 -27.03
 -78.5
 -62.6
 -32.07
 -9.850000000000001
 -7.670000000000002
 -13.56
 -96.33
 -32.26000000000001
 -21.77
 -47.04
 -57.03
 -52.88
 21.27
 -27.95
 -39.64
 5.450000000000003
 -72.23
 15.40000000000001
 10.26
 -43.37
 -74.18000000000001
 21.95
 14.67
 -74.84
 29.5
 23.94
 -6.960000000000001
 -62.01
 23.17
 -4.469999999999999
 1.960000000000001
 -68.39
 28.15000000000001
 -67.28
 -49.27
 30.70999999999999
 1.060000000000002
 -25.26
 37.59999999999999
 -48.84
 28.01000000000001
 -36.57
 -37.45
 -51.01
 34.8
 43.36
 -19.02
 36.41
 -34.98
 -62.94
 -60.95
 -53.87
 36.93000000000001
 28.58
 -15.54
 25.37
 -48.31
 -36.27
 -3.189999999999998
 -2.609999999999999
 33.29000000000001
 -34.21
 44.36
 -63.4
 -49.75
 -36.51
 -27.03
 -45.92
 -15.67
 -48.46
 -22.79
 46.17
 -38.72
 -40.46
 38.84
 -47.05
 22.66
 57.43000000000001
 -44.62
 36.58
 -20.23
 33.01000000000001
 38.09
 -53.41
 56.26000000000001
 57.06
 -38.6
 40.08
 -37.96
 1.490000000000002
 -24.13
 77.06
 -22.4
 -13.33
 65.45
 -1.770000000000003
 49.62
 33.58
 -5.579999999999998
 80.47
 88.63
 95.19
 89.31999999999999
 92.08000000000001
 24.15000000000001
 98.52000000000001
 17.37
 10.42
 111.07
 38.68000000000001
 101.25
 83.40000000000001
 86.91
 113.83
 47.72
 60.34999999999999
 75.14
 56.15000000000001
 56.73
 161.59
 114.84
 143.39
 109.81
 178.29
 184.27
 136.81
 94.30000000000001
 92.46000000000001
 95.38999999999999
 170.73
 103.6
 110.58
 204.32
 164.02
 144.8
 198.34
 190.44
 226.81
 173.04
 240.15
 181.05
 241.39
 157.4
 164.17
 241.34
 191.52
 256.11
 180.01
 180.88
 198.13
 221.4
 272.42
 220.88
 263.05
 275.23
 229.93
 303.31
 215.55
 281.33
 313.03
 245.2
 330.68
 270.16
 319.65
 353.45
 259.17
 293.52
 276.19
 367.93
 364.42
 296
 334.15
 330.17
 393.43
 296.11
 285.4
 382.27
 314.11
 325.96
 418.77
 431.25
 419.29
 335.66
 364.34
 441.37
 370.08
 366.1
 430.43
 375.4
 440.6
 425.61
 421.82
 456.87
 427.11
 391.55
 449.45
 485.21
 434
 427.55
 478.45
 442.93
 419.06
 431.56
 518.72
 475.22
 520.24
 443.43
 494.74
 490.54
 463.14
 529.92
 526.16
 546.1900000000001
 551.96
 463.84
 473.48
 462.6
 476.6900000000001
 551.65
 484.03
 567.13
 486.34
 544.26
 574.6799999999999
 490.2
 588.59
 502.36
 546.09
 537.4
 500.64
 511.37
 544.88
 537.4299999999999
 598.3200000000001
 517.64
 558.52
 582.4299999999999
 618.4
 617.1900000000001
 616.74
 631.6
 601.78
 623.05
 525.09
 536.48
 634.55
 633.73
 583.73
 536.35
 592.59
 634.42
 608.9400000000001
 613.47
 566.78
 565.53
 553.5
 624.37
 586.5
 560.65
 546.27
 553.98
 540.42
 566.95
 563.26
 570.88
 560.2
 603.63
 568.61
 578.54
 629.61
 648.6799999999999
 633.48
 599.95
 647.87
 634.16
 626.35
 545.01
 572.4299999999999
 588.95
 591.2
 583.39
 548.11
 524.01
 584.45
 597.6900000000001
 618.7
 537.8200000000001
 551.25
 619.63
 608.91
 538.15
 617.7
 590.02
 512.5599999999999
 514.53
 561.59
 496.74
 555.85
 589.55
 494.8099999999999
 492.1
 495.45
 480.4299999999999
 522.92
 483.33
 578.29
 487.5700000000001
 480.9299999999999
 520.79
 499.92
 551.23
 471.25
 549.7
 544.17
 486.3
 484.48
 516.45
 527.84
 537.62
 490.22
 471.6799999999999
 467.59
 519.5
 437.35
 516.3
 465.2
 423.22
 446.68
 499.6
 406.95
 471.74
 481.78
 387.14
 425.66
 456.13
 464.77
 364.65
 423.77
 442.07
 434.07
 398.64
 432.83
 341.68
 393.53
 336.54
 397.89
 323.61
 370.69
 310.03
 377.37
 406.96
 394.79
 294.36
 335.88
 295.85
 278.49
 338.07
 342.46
 305.17
 351.62
 289.86
 288.54
 253.88
 245.01
 292.95
 307.87
 245.11
 318.99
 302.98
 304.76
 203.69
 218.35
 204.96
 208.54
 198.21
 197.02
 192.45
 193.27
 247.82
 195.24
 168.22
 255.25
 182.4
 155.13
 147.66
 239.27
 205.74
 166.9
 226.46
 153.38
 167.65
 131.14
 124.91
 208.26
 113.29
 143.46
 173.54
 194.19
 93.87
 101.32
 125.93
 171.11
 170.54
 115.47
 75.8
 166.91
 154.17
 69.89
 151.19
 134.59
 147.49
 43.68000000000001
 134.27
 131.44
 88.05000000000001
 47.18000000000001
 122.45
 119.74
 17.09
 115.81
 97.46000000000001
 108.4
 101.55
 42.04000000000001
 77.70999999999999
 94.06
 81.37
 16.98
 51.8
 -1.020000000000003
 -17.09
 72.56
 -16.82
 -16.04
 51.23
 -9.740000000000002
 -23.39
 -1.670000000000002
 37.47
 -3.490000000000002
 60.17
 -44.66
 -9.32
 48.89
 26.3
 19.88
 -39.58
 20.34999999999999
 38.11
 6.950000000000003
 -46.43
 -23.08
 29.08
 -65.91
 20.12
 -8.659999999999997
 3.479999999999997
 -53.25
 -70.55
 16.45
 -79.36
 9.530000000000001
 15.58
 16.13
 -50.67
 -62.23
 -7.619999999999997
 -82.65000000000001
 -75.56999999999999
 -76.22
 -85.42
 -74.03999999999999
 -47.93
 -88.53
 -72.97
 -21.5
 -37.4
 -67.93000000000001
 -90.15000000000001
 -92.33
 -86.44
 -3.670000000000002
 -67.73999999999999
 -78.23
 -52.96
 -23.45
 6.07
 -64
 -53.43
 -52.48
 9.990000000000002
 32.38
 10.8
 -49.94
 -60.99
 23.61
 -47.47
 33.37
 20.52
 -35.99
 39.06
 13.66
 6.460000000000001
 15.87
 -34
 -3.859999999999999
 -0.9500000000000028
 -4.369999999999997
 -26.82
 9.189999999999998
 -70.36
 11.87
 7.759999999999998
 -79.68000000000001
 24.64
 -75.2
 -63.67
 -87.89
 -72.52
 -80.36
 -11.67
 -82.77000000000001
 15.15000000000001
 10.43
 -87.22
 -43.37
 -19.41
 -58.21
 -85.69
 -93.02000000000001
 -54.98
 -15.49
 -84.72
 6.259999999999998
 -91
 -67.78999999999999
 -9.539999999999999
 -86.36
 -8.640000000000001
 -51.48
 -74.96000000000001
 -103.2
 -21.19
 -35.42
 -115.48
 -71.34999999999999
 -96.03
 -67.62
 -48.12
 -19.23
 -87.14
 -118.62
 -30.27
 -109.18
 -83.52000000000001
 -94.68000000000001
 -133.17
 -72.98
 -96.34999999999999
 -141.38
 -97.09
 -106.72
 -48.2
 -96.92
 -71.76000000000001
 -142.78
 -154.07
 -66.63
 -140.47
 -169.13
 -164.03
 -85.09
 -82.38
 -106.09
 -90.3
 -157.57
 -83.92
 -121.04
 -139.52
 -108.45
 -173.12
 -190.14
 -187.57
 -198.4
 -201.8
 -166.79
 -114.78
 -192.28
 -171.19
 -211.54
 -216.26
 -148.4
 -165.58
 -197.23
 -213.65
 -152.72
 -145.91
 -170.68
 -226.93
 -146.06
 -232.67
 -215.9
 -197.86
 -246.26
 -245.77
 -257.17
 -209.77
 -173.52
 -189.72
 -198.13
 -220.9
 -235.72
 -217.78
 -214.45
 -192.01
 -212.51
 -293.96
 -237.4
 -237.46
 -303.62
 -264.25
 -211.69
 -242.77
 -244.7
 -315.76
 -323.26
 -272.54
 -319.27
 -286.51
 -326.47
 -256.53
 -281.21
 -255.27
 -331.72
 -356.53
 -330.57
 -314.05
 -346.28
 -333.9
 -269.97
 -382.65
 -335.53
 -299.35
 -368.44
 -320.07
 -393.74
 -306.39
 -395.36
 -354.57
 -303.9
 -401.2
 -316.92
 -412.42
 -387.45
 -414.44
 -363.08
 -386.89
 -421.51
 -341.84
 -396.27
 -343.82
 -343.58
 -348.19
 -349.32
 -385.02
 -401.41
 -446.8
 -363.96
 -463.05
 -469.23
 -377.78
 -472.62
 -417.92
 -436.3
 -474.6
 -385.53
 -418.76
 -400.4
 -479.24
 -461.27
 -450.56
 -443.61
 -454.31
 -505.72
 -404.13
 -410.15
 -480.96
 -414.51
 -431.28
 -429.19
 -524.13
 -418.64
 -481.26
 -448.64
 -462.75
 -503.33
 -492.72
 -533.9
 -479.44
 -524.3299999999999
 -480.45
 -439.34
 -498.21
 -491.54
 -539.24
 -469.97
 -547.7
 -520.21
 -534.8299999999999
 -556.9300000000001
 -462.35
 -546.22
 -554.86
 -461.49
 -501.42
 -556
 -542.03
 -477.98
 -558.47
 -503.46
 -470.79
 -465.97
 -459.52
 -481.81
 -558.28
 -567.5599999999999
 -459.05
 -530.5599999999999
 -507.71
 -465.37
 -475.45
 -512.14
 -468.02
 -507.77
 -477.31
 -543.0799999999999
 -548.52
 -527.3399999999999
 -502.65
 -486.08
 -508.74
 -541.98
 -562.04
 -514.8
 -476.4
 -450.86
 -551.71
 -526
 -558.4100000000001
 -539.9100000000001
 -470.73
 -539.5599999999999
 -547.24
 -539.87
 -443.74
 -500.58
 -546.26
 -501.86
 -458.94
 -484.06
 -478.55
 -505.65
 -532.04
 -501.05
 -440.25
 -430.67
 -479.54
 -428.95
 -467.42
 -449.61
 -439.45
 -514.89
 -438.82
 -488.18
 -439.65
 -513.5599999999999
 -464.57
 -505.26
 -424.76
 -412.21
 -458.7
 -485.77
 -387.82
 -400.07
 -437.49
 -477.19
 -474.79
 -380.47
 -375.82
 -477.24
 -462.75
 -366.69
 -364.61
 -458.52
 -376.94
 -360.39
 -363.37
 -357.78
 -434.88
 -433.24
 -428.27
 -430.41
 -429.87
 -434.65
 -398.35
 -337.29
 -330.16
 -337.65
 -381.97
 -397.03
 -358.68
 -341.33
 -312.97
 -346.93
 -386.37
 -384.98
 -393.43
 -295.69
 -321.73
 -275.8
 -357.54
 -366.78
 -264.76
 -351.24
 -354.52
 -298.64
 -250.43
 -263.99
 -253.72
 -249.24
 -336.66
 -334.23
 -285.93
 -320.75
 -319.18
 -279.89
 -211.68
 -279.44
 -216.16
 -312.22
 -296.47
 -205.99
 -223.23
 -269.69
 -217.76
 -209.67
 -228.83
 -252.49
 -198.67
 -191.07
 -245.11
 -175.39
 -263.3
 -167.82
 -164.66
 -167.66
 -202.81
 -176.2
 -159.3
 -236.08
 -233.62
 -220.58
 -148.05
 -156.34
 -133.13
 -135.22
 -202.44
 -221.3
 -196.75
 -150.71
 -199.74
 -198.46
 -207.03
 -148.06
 -142.28
 -129.69
 -140.63
 -147.75
 -188.9
 -115.79
 -189.84
 -188.22
 -88.91
 -149.26
 -98.95
 -113.74
 -107.75
 -72.89
 -173.7
 -77.06
 -89.86
 -156.77
 -55.26
 -56.2
 -105.27
 -149.31
 -141.71
 -129.24
 -57.34
 -133.98
 -92.03
 -82.40000000000001
 -119.43
 -133.87
 -62.22
 -102.63
 -92.89
 -78.69
 -110.47
 -133.23
 -26.13
 -117.13
 -90.72
 -59.56
 -88.64
 -13.21
 -36.28
 -25.03
 -46.57
 -85.81
 -39.38
 -20.39
 -43.83
 -12.91
 -6.170000000000002
 -100.87
 -100.26
 -36.77
 -75.59999999999999
 -87.95
 -6.799999999999997
 -93.84
 -86.75999999999999
 -83.69
 -89
 -79.71000000000001
 -46.61
 10.56
 -57.94
 -55.35
 -45.89
 -47.23
 -26.12
 -56.77
 -64.73
 10.67
 -18.2
 -49
 13.45
 -64.16
 10.31
 -61.85
 8.950000000000003
 -69.67
 5.890000000000001
 8.979999999999997
 -33.88
 -68.47
 39.75
 -69.38
 -62.42
 -49.71
 -64.25
 -21.95
 36.70999999999999
 26.76000000000001
 16.2
 -33.6
 -57.94
 -34.89
 -43.57
 -46.73
 -10.13
 -32.48999999999999
 -32.06
 -63.05
 40.09
 -21.02
 -21.21
 -47.74
 40.15000000000001
 34.42
 7.789999999999999
 17.43000000000001
 -9
 -32.21
 -90.46000000000001
 -13.64
 -91.36
 -48.52
 -25.04
 3.200000000000003
 -78.81
 -64.58
 15.48
 -28.65
 -3.969999999999999
 -32.38
 -51.88
 -80.77
 -12.86
 18.62
 -69.73
 9.18
 -16.48
 -5.32
 33.17
 -27.02
 -3.649999999999999
 41.38
 -2.909999999999997
 6.719999999999999
 -51.8
 -3.079999999999998
 -28.24
 42.78
 54.06999999999999
 -33.37
 40.47
 69.13
 64.03
 -14.91
 -17.62
 6.090000000000003
 -9.700000000000003
 57.56999999999999
 -16.08
 21.04000000000001
 39.52
 8.450000000000003
 73.12
 90.13999999999999
 87.56999999999999
 98.40000000000001
 101.8
 66.79000000000001
 14.78
 92.28
 71.19
 111.54
 116.26
 48.40000000000001
 65.58
 97.22999999999999
 113.65
 52.72
 45.91
 70.68000000000001
 126.93
 46.06
 132.67
 115.9
 97.86000000000001
 146.26
 145.77
 157.17
 109.77
 73.52
 89.72
 98.13
 120.9
 135.72
 117.78
 114.45
 92.00999999999999
 112.51
 193.96
 137.4
 137.46
 203.62
 164.25
 111.69
 142.77
 144.7
 215.76
 223.26
 172.54
 219.27
 186.51
 226.47
 156.53
 181.21
 155.27
 231.72
 256.53
 230.57
 214.05
 246.28
 233.9
 169.97
 282.65
 235.53
 199.35
 268.44
 220.07
 293.74
 206.39
 295.36
 254.57
 203.9
 301.2
 216.92
 312.42
 287.45
 314.44
 263.08
 286.89
 321.51
 241.84
 296.27
 243.82
 243.58
 248.19
 249.32
 285.02
 301.41
 346.8
 263.96
 363.05
 369.23
 277.78
 372.62
 317.92
 336.3
 374.6
 285.53
 318.76
 300.4
 379.24
 361.27
 350.56
 343.61
 354.31
 405.72
 304.13
 310.15
 380.96
 314.51
 331.28
 329.19
 424.13
 318.64
 381.26
 348.64
 362.75
 403.33
 392.72
 433.9
 379.44
 424.33
 380.45
 339.34
 398.21
 391.54
 439.24
 369.97
 447.7
 420.21
 434.83
 456.93
 362.35
 446.22
 454.86
 361.49
 401.42
 456
 442.03
 377.98
 458.47
 403.46
 370.79
 365.97
 359.52
 381.81
 458.28
 467.5599999999999
 359.05
 430.56
 407.71
 365.37
 375.45
 412.14
 368.02
 407.77
 377.31
 443.08
 448.52
 427.34
 402.65
 386.08
 408.74
 441.98
 462.04
 414.8
 376.4
 350.86
 451.71
 426
 458.41
 439.91
 370.73
 439.56
 447.24
 439.87
 343.74
 400.58
 446.26
 401.86
 358.94
 384.06
 378.55
 405.65
 432.04
 401.05
 340.25
 330.67
 379.54
 328.95
 367.42
 349.61
 339.45
 414.89
 338.82
 388.18
 339.65
 413.56
 364.57
 405.26
 324.76
 312.21
 358.7
 385.77
 287.82
 300.07
 337.49
 377.19
 374.79
 280.47
 275.82
 377.24
 362.75
 266.69
 264.61
 358.52
 276.94
 260.39
 263.37
 257.78
 334.88
 333.24
 328.27
 330.41
 329.87
 334.65
 298.35
 237.29
 230.16
 237.65
 281.97
 297.03
 258.68
 241.33
 212.97
 246.93
 286.37
 284.98
 293.43
 195.69
 221.73
 175.8
 257.54
 266.78
 164.76
 251.24
 254.52
 198.64
 150.43
 163.99
 153.72
 149.24
 236.66
 234.23
 185.93
 220.75
 219.18
 179.89
 111.68
 179.44
 116.16
 212.22
 196.47
 105.99
 123.23
 169.69
 117.76
 109.67
 128.83
 152.49
 98.66999999999999
 91.06999999999999
 145.11
 75.39
 163.3
 67.81999999999999
 64.66
 67.66
 102.81
 76.2
 59.3
 136.08
 133.62
 120.58
 48.05
 56.34
 33.13
 35.22
 102.44
 121.3
 96.75
 50.70999999999999
 99.74000000000001
 98.46000000000001
 107.03
 48.06
 42.28
 29.69
 40.63
 47.75
 88.90000000000001
 15.79000000000001
 89.84
 88.22
 -11.09
 49.26000000000001
 -1.049999999999997
 13.74
 7.75
 -27.11
 73.7
 -22.94
 -10.14
 56.77
 -44.74
 -43.8
 5.270000000000003
 49.31
 41.70999999999999
 29.23999999999999
 -42.66
 33.98
 -7.969999999999999
 -17.6
 19.43000000000001
 33.87
 -37.78
 2.630000000000003
 -7.109999999999999
 -21.31
 10.47
 33.23
 -73.87
 17.13
 -9.280000000000001
 -40.44
 -11.36
 -86.78999999999999
 -63.72
 -74.97
 -53.43
 -14.19
 -60.62
 -79.61
 -56.17
 -87.09
 -93.83
 0.8699999999999974
 0.259999999999998
 -63.23
 -24.4
 -12.05
 -93.2
 -6.159999999999997
 -13.24
 -16.31
 -11
 -33.07
 25.45
 -44.89
 -38.27
 36.76000000000001
 -1.619999999999997
 -10.78
 -10.57
 1.32
 -23.64
 -42.76
 -58.41
 -42.4
 -43.07
 -51.65
 -61.15
 -51.49
 44.53
 28.48999999999999
 -8.009999999999998
 -32.25
 39.87
 -5.950000000000003
 -25.43
 4.439999999999998
 43.69
 46.23999999999999
 32.29000000000001
 16.27
 -52.31
 40.01000000000001
 22.84999999999999
 -7.479999999999997
 32.67
 19.45
 22.29000000000001
 -21.62
 -58.33
 -59.52
 11.79
 -39
 4.460000000000001
 -36.87
 34.90000000000001
 -32.75
 -41.65
 -26.94
 -0.4399999999999977
 28.52
 -53.04
 25.67
 -26.25
 -10.37
 -43.69
 -38.56
 -66.68000000000001
 -51.74
 -57.59
 3.380000000000003
 -58.13
 -16.71
 25.8
 30.48999999999999
 -33.09
 -53.54
 -35.1
 -48
 -64.69
 21.98999999999999
 -36.95
 10.18
 -3.359999999999999
 -45.69
 -46.03
 -38.92
 -6.619999999999997
 -38.01
 13.11
 -73.76000000000001
 -74.25
 -79.93000000000001
 6.590000000000003
 -74.33
 -78.47
 2.43
 -1.719999999999999
 -48.14
 6.369999999999997
 8.630000000000003
 -77.40000000000001
 18.58
 -60.28
 -81.16
 6.369999999999997
 -90.40000000000001
 -35.69
 9.329999999999998
 -69.45
 -45.98
 -92.64
 -40.36
 -86.96000000000001
 -10.7
 -87.21000000000001
 -96.11
 -96.97
 -4.530000000000001
 -4.420000000000002
 -100.54
 -42.52
 -40.02
 -34.68
 -109.13
 -16.05
 -88.39
 -114.04
 -43.56
 -112.78
 -24.1
 -68.41
 -40.48
 -60.7
 -22.5
 -100.32
 -36.49
 -87.27000000000001
 -25.67
 -87.72999999999999
 -25.99
 -23.35
 -124.38
 -85.53
 -66.12
 -139.57
 -129.83
 -133.31
 -51.08
 -143.1
 -145.74
 -61.87
 -150.01
 -157.17
 -158.71
 -60.11
 -147.25
 -75.56
 -88.81999999999999
 -77.78
 -66.05
 -81.03999999999999
 -176.05
 -133.11
 -161.21
 -96.46000000000001
 -179.42
 -138.87
 -139.59
 -101.82
 -83.84
 -129.06
 -178.81
 -104.5
 -151.94
 -127.51
 -121.21
 -185.66
 -153.38
 -207.23
 -188.94
 -205.07
 -220.72
 -114.42
 -119.49
 -182.89
 -128.68
 -125.91
 -133.78
 -132.92
 -192.39
 -199.29
 -150.94
 -199.73
 -230.46
 -227.54
 -231.97
 -154.41
 -162.11
 -206.59
 -257.08
 -160.92
 -260.66
 -230.78
 -179.71
 -259.75
 -242.07
 -180.76
 -166.44
 -241.42
 -221.4
 -176.94
 -208.54
 -259.41
 -174.09
 -208.72
 -212.43
 -240.18
 -257.24
 -293.68
 -201.14
 -202.5
 -234.81
 -213.33
 -301.14
 -272.88
 -311.3
 -290.79
 -250.15
 -222.62
 -318.48
 -219.19
 -319.59
 -292.19
 -238.34
 -219.13
 -234.38
 -254.85
 -284.29
 -285.47
 -280.63
 -339.77
 -241.77
 -284.27
 -259.26
 -344.66
 -313.15
 -342.84
 -343.61
 -275.7
 -343.93
 -261.02
 -355.01
 -250.12
 -352.78
 -331.18
 -321.69
 -272.35
 -343.82
 -260.85
 -277.75
 -367.89
 -363.63
 -349.22
 -373.87
 -312.52
 -266.47
 -363.68
 -280.79
 -372.66
 -382.46
 -296.89
 -356.19
 -325.2
 -368.1
 -319.73
 -383.56
 -379.94
 -395.27
 -375.74
 -390.78
 -299.22
 -365.77
 -388.24
 -380.45
 -385.73
 -372.68
 -394.95
 -359.35
 -361.68
 -304.19
 -389.72
 -301.68
 -302.74
 -382.5
 -391.25
 -386.53
 -303.67
 -381.42
 -386.18
 -291.66
 -385.63
 -380.84
 -288.11
 -312.81
 -319.92
 -294.76
 -369.98
 -362.45
 -339.06
 -306.58
 -328.14
 -309.19
 -295.15
 -295.71
 -351.87
 -296.63
 -323.65
 -293.64
 -384.2
 -347.06
 -379.08
 -323.66
 -350.88
 -294.98
 -367.46
 -282.47
 -285.3
 -311.74
 -371.07
 -274.89
 -349.39
 -297.78
 -362.52
 -360.04
 -276.86
 -310.22
 -350.56
 -268.05
 -326.24
 -361.69
 -299.64
 -279.38
 -360.81
 -351.28
 -263.04
 -265.9
 -359.22
 -243.02
 -255.3
 -338.24
 -278.59
 -342.23
 -289.63
 -249.17
 -239.32
 -232.84
 -320.48
 -325.49
 -315.55
 -314.35
 -233.58
 -324.83
 -315.27
 -299.52
 -218.83
 -251.96
 -314.11
 -232.39
 -236.12
 -309.59
 -214.93
 -299.57
 -205.65
 -281.38
 -198.68
 -269.61
 -291.86
 -270.27
 -286.82
 -261.02
 -234.01
 -275.43
 -194.51
 -278.01
 -263.76
 -242.27
 -170.35
 -221.77
 -252.65
 -254.48
 -176.55
 -258.98
 -257.8
 -227.08
 -198.13
 -246.45
 -231.94
 -206.67
 -149.2
 -147.14
 -171.32
 -192.15
 -129.79
 -143
 -188.34
 -140.45
 -167.99
 -223.31
 -127.1
 -183.5
 -115.59
 -175.96
 -200.59
 -117.35
 -196.82
 -186.57
 -119.1
 -206.98
 -103.86
 -99.58
 -141.05
 -168.48
 -157.35
 -175.77
 -128.73
 -170.27
 -175.5
 -79.98
 -80.46000000000001
 -166.01
 -175.45
 -71.58
 -142.31
 -161.23
 -156.46
 -111.79
 -139.29
 -161.52
 -115.4
 -62.7
 -91.46000000000001
 -120.85
 -52.31
 -51.47
 -40.92
 -50.18
 -101.07
 -129.9
 -79.63
 -93.65000000000001
 -48.72
 -83.42
 -108.72
 -82.97
 -109.75
 -126.23
 -64.59
 -38.82
 -117.13
 -25.19
 -64.47
 -42.47
 -27.66
 -64.98999999999999
 -25.92
 -105.92
 -16.27
 -16.47
 -98.06
 -89.53999999999999
 -69.02
 -91.84999999999999
 -98.25
 -0.5499999999999972
 -94.74000000000001
 -105.94
 -90.19
 -102.39
 1.340000000000003
 -98.74000000000001
 -40.63
 -103.07
 -0.07999999999999829
 -85.71000000000001
 -4.369999999999997
 4.630000000000003
 -36.87
 -70.22
 -2.829999999999998
 -85.84999999999999
 -79.90000000000001
 -11.91
 -62.56
 -55.01
 -75.84999999999999
 7.140000000000001
 -26.87
 0.7199999999999989
 13.98
 -65.62
 -79.05
 -24
 9.689999999999998
 22.84
 -75.43000000000001
 2.899999999999999
 -18.56
 23.67
 -65.33
 -13.82
 -27.54
 28.31
 -69.93000000000001
 7.039999999999999
 -79.98999999999999
 2.630000000000003
 19.09
 -5.380000000000003
 -51.11
 -28.38
 35.89
 -41.46
 34.15000000000001
 4.82
 -39.18
 -29.05
 -53.36
 -60.8
 10.07
 -26.87
 34.66
 -53.59
 -1
 -44.13
 -46.36
 13.45
 -36.53
 -55.02
 30.93000000000001
 -63.73
 -64.65000000000001
 -56.02
 41.45
 -32.32
 -53.9
 7.170000000000002
 -53.48
 1.479999999999997
 -46.67
 -47.44
 30.58
 25.38
 33.59999999999999
 33.43000000000001
 16.92
 -36.77
 -17.19
 -32.86
 31.36
 37.86
 -46.96
 -125.67
 -73.75
 -89.63
 -56.31
 -61.44
 -33.32
 -48.26
 -42.41
 -103.38
 -41.87
 -83.28999999999999
 -125.8
 -130.49
 -66.91
 -46.46
 -64.90000000000001
 -52
 -35.31
 -121.99
 -63.05
 -110.18
 -96.64
 -54.31
 -53.97
 -61.08
 -93.38
 -61.99
 -113.11
 -26.24
 -25.75
 -20.07
 -106.59
 -25.67
 -21.53
 -102.43
 -98.28
 -51.86
 -106.37
 -108.63
 -22.6
 -118.58
 -39.72
 -18.84
 -106.37
 -9.600000000000001
 -64.31
 -109.33
 -30.55
 -54.02
 -7.359999999999999
 -59.64
 -13.04
 -89.3
 -12.79
 -3.890000000000001
 -3.030000000000001
 -95.47
 -95.58
 0.5399999999999991
 -57.48
 -59.98
 -65.31999999999999
 9.130000000000003
 -83.95
 -11.61
 14.04000000000001
 -56.44
 12.78
 -75.90000000000001
 -31.59
 -59.52
 -39.3
 -77.5
 0.3200000000000003
 -63.51
 -12.73
 -74.33
 -12.27
 -74.01000000000001
 -76.65000000000001
 24.38
 -14.47
 -33.88
 39.56999999999999
 29.83
 33.31
 -48.92
 43.09999999999999
 45.73999999999999
 -38.13
 50.01000000000001
 57.17
 58.70999999999999
 -39.89
 47.25
 -24.44
 -11.18
 -22.22
 -33.95
 -18.96
 76.05
 33.11
 61.20999999999999
 -3.539999999999999
 79.41999999999999
 38.87
 39.59
 1.82
 -16.16
 29.06
 78.81
 4.5
 51.94
 27.51000000000001
 21.20999999999999
 85.66
 53.38
 107.23
 88.94
 105.07
 120.72
 14.42
 19.48999999999999
 82.88999999999999
 28.68000000000001
 25.91
 33.78
 32.92
 92.38999999999999
 99.28999999999999
 50.94
 99.72999999999999
 130.46
 127.54
 131.97
 54.41
 62.11
 106.59
 157.08
 60.92
 160.66
 130.78
 79.71000000000001
 159.75
 142.07
 80.75999999999999
 66.44
 141.42
 121.4
 76.94
 108.54
 159.41
 74.09
 108.72
 112.43
 140.18
 157.24
 193.68
 101.14
 102.5
 134.81
 113.33
 201.14
 172.88
 211.3
 190.79
 150.15
 122.62
 218.48
 119.19
 219.59
 192.19
 138.34
 119.13
 134.38
 154.85
 184.29
 185.47
 180.63
 239.77
 141.77
 184.27
 159.26
 244.66
 213.15
 242.84
 243.61
 175.7
 243.93
 161.02
 255.01
 150.12
 252.78
 231.18
 221.69
 172.35
 243.82
 160.85
 177.75
 267.89
 263.63
 249.22
 273.87
 212.52
 166.47
 263.68
 180.79
 272.66
 282.46
 196.89
 256.19
 225.2
 268.1
 219.73
 283.56
 279.94
 295.27
 275.74
 290.78
 199.22
 265.77
 288.24
 280.45
 285.73
 272.68
 294.95
 259.35
 261.68
 204.19
 289.72
 201.68
 202.74
 282.5
 291.25
 286.53
 203.67
 281.42
 286.18
 191.66
 285.63
 280.84
 188.11
 212.81
 219.92
 194.76
 269.98
 262.45
 239.06
 206.58
 228.14
 209.19
 195.15
 195.71
 251.87
 196.63
 223.65
 193.64
 284.2
 247.06
 279.08
 223.66
 250.88
 194.98
 267.46
 182.47
 185.3
 211.74
 271.07
 174.89
 249.39
 197.78
 262.52
 260.04
 176.86
 210.22
 250.56
 168.05
 226.24
 261.69
 199.64
 179.38
 260.81
 251.28
 163.04
 165.9
 259.22
 143.02
 155.3
 238.24
 178.59
 242.23
 189.63
 149.17
 139.32
 132.84
 220.48
 225.49
 215.55
 214.35
 133.58
 224.83
 215.27
 199.52
 118.83
 151.96
 214.11
 132.39
 136.12
 209.59
 114.93
 199.57
 105.65
 181.38
 98.68000000000001
 169.61
 191.86
 170.27
 186.82
 161.02
 134.01
 175.43
 94.50999999999999
 178.01
 163.76
 142.27
 70.34999999999999
 121.77
 152.65
 154.48
 76.55
 158.98
 157.8
 127.08
 98.13
 146.45
 131.94
 106.67
 49.2
 47.14
 71.31999999999999
 92.15000000000001
 29.79000000000001
 43
 88.34
 40.45
 67.98999999999999
 123.31
 27.09999999999999
 83.5
 15.59
 75.95999999999999
 100.59
 17.34999999999999
 96.81999999999999
 86.56999999999999
 19.09999999999999
 106.98
 3.859999999999999
 -0.4200000000000017
 41.05
 68.48
 57.34999999999999
 75.77
 28.73
 70.27
 75.5
 -20.02
 -19.54
 66.01000000000001
 75.45
 -28.42
 42.31
 61.23
 56.45999999999999
 11.79
 39.29000000000001
 61.52
 15.40000000000001
 -37.3
 -8.539999999999999
 20.84999999999999
 -47.69
 -48.53
 -59.08
 -49.82
 1.07
 29.90000000000001
 -20.37
 -6.350000000000001
 -51.28
 -16.58
 8.719999999999999
 -17.03
 9.75
 26.23
 -35.41
 -61.18
 17.13
 -74.81
 -35.53
 -57.53
 -72.34
 -35.01
 -74.08
 5.920000000000002
 -83.72999999999999
 -83.53
 -1.939999999999998
 -10.46
 -30.98
 -8.149999999999999
 -1.75
 -99.45
 -5.259999999999998
 5.939999999999998
 -9.810000000000002
 2.390000000000001
 -101.34
 -1.259999999999998
 -59.37
 3.07
 -99.92
 -14.29
 -95.63
 -104.63
 -63.13
 -29.78
 -97.17
 -14.15
 -20.1
 -88.09
 -37.44
 -44.99
 -24.15
 -107.14
 -73.13
 -100.72
 -113.98
 -34.38
 -20.95
 -76
 -109.69
 -122.84
 -24.57
 -102.9
 -81.44
 -123.67
 -34.67
 -86.18000000000001
 -72.46000000000001
 -128.31
 -30.07
 -107.04
 -20.01
 -102.63
 -119.09
 -94.62
 -48.89
 -71.62
 -135.89
 -58.54
 -134.15
 -104.82
 -60.82
 -70.95
 -46.64
 -39.2
 -110.07
 -73.13
 -134.66
 -46.41
 -99
 -55.87
 -53.64
 -113.45
 -63.47
 -44.98
 -130.93
 -36.27
 -35.35
 -43.98
 -141.45
 -67.68000000000001
 -46.1
 -107.17
 -46.52
 -101.48
 -53.33
 -52.56
 -130.58
 -125.38
 -133.6
 -133.43
 -116.92
 -63.23
 -82.81
 -67.14
 -131.36
 -137.86
 -133.73
 1.270000000000003
 -67.21000000000001
 24.29000000000001
 -80.88
 1.979999999999997
 -67.96000000000001
 -63.44
 4.960000000000001
 18.83
 -74.28
 -7.280000000000001
 -74.78
 -62.43
 -5.93
 -13.32
 -50.59
 3.340000000000003
 -35.65
 6.549999999999997
 12.28
 -1.689999999999998
 -26.56
 -105.6
 3.579999999999998
 -7.840000000000003
 -96.11
 -57.95
 -50.32
 -40.08
 -70.62
 -10.36
 -58.64
 -87.15000000000001
 -7.340000000000003
 -93.55
 -42.9
 -23.91
 -107.56
 -34.53
 -80.06999999999999
 -18.81
 -60.51
 -25.82
 -69.48999999999999
 -82.33
 -17.23
 -124.04
 -26.4
 -123.01
 -115.91
 -60.49
 -38.04
 -123.39
 -49.03
 -86.16
 -29.57
 -107.46
 -129.86
 -68.62
 -102.7
 -50.95
 -95.13
 -49.01
 -143.46
 -38.77
 -150.7
 -155.64
 -118.32
 -48.86
 -151.33
 -148.07
 -136.14
 -57.45
 -81.65000000000001
 -113.16
 -112.52
 -77.53999999999999
 -57.04
 -67.53
 -141.4
 -71.42
 -84.50999999999999
 -99.58
 -72.16
 -126.09
 -77.56
 -69.16
 -148.86
 -77.40000000000001
 -112.79
 -173.71
 -73.38
 -76.48
 -126.19
 -183.26
 -90.71000000000001
 -140.66
 -83.41
 -181.44
 -86.87
 -156.18
 -88.17
 -109.08
 -114.2
 -84.40000000000001
 -133.23
 -181.25
 -147.38
 -118.97
 -103.35
 -112.72
 -200.84
 -191.27
 -113.87
 -137.6
 -114.18
 -145.23
 -102.18
 -198.77
 -113.93
 -148.91
 -211.69
 -120.16
 -100.5
 -124.39
 -208.77
 -132.55
 -126.66
 -194.81
 -183.35
 -211.71
 -209.02
 -186.69
 -207.24
 -137.83
 -127.59
 -139.25
 -222.27
 -159.23
 -127.05
 -139.54
 -227.05
 -154.49
 -185.85
 -126.45
 -189.01
 -160.76
 -139.66
 -234.37
 -217.99
 -146.66
 -177.1
 -144.51
 -142.31
 -247.95
 -180.39
 -162.77
 -205.57
 -174.95
 -133.3
 -226.96
 -225.97
 -214.91
 -135.96
 -143.61
 -187.61
 -138.63
 -242.42
 -171.74
 -215.06
 -226.97
 -224.95
 -156.52
 -145.13
 -153.86
 -138.14
 -241.67
 -150.47
 -165.27
 -161.69
 -142.25
 -218.64
 -164.93
 -157.8
 -195.75
 -159.95
 -237.62
 -214.78
 -196.88
 -221.07
 -233.36
 -187.14
 -235.28
 -230
 -234.46
 -183.73
 -137.33
 -154.78
 -155.13
 -230.15
 -230.15
 -155.13
 -154.78
 -137.33
 -183.73
 -234.46
 -230
 -235.28
 -187.14
 -233.36
 -221.07
 -196.88
 -214.78
 -237.62
 -159.95
 -195.75
 -157.8
 -164.93
 -218.64
 -142.25
 -161.69
 -165.27
 -150.47
 -241.67
 -138.14
 -153.86
 -145.13
 -156.52
 -224.95
 -226.97
 -215.06
 -171.74
 -242.42
 -138.63
 -187.61
 -143.61
 -135.96
 -214.91
 -225.97
 -226.96
 -133.3
 -174.95
 -205.57
 -162.77
 -180.39
 -247.95
 -142.31
 -144.51
 -177.1
 -146.66
 -217.99
 -234.37
 -139.66
 -160.76
 -189.01
 -126.45
 -185.85
 -154.49
 -227.05
 -139.54
 -127.05
 -159.23
 -222.27
 -139.25
 -127.59
 -137.83
 -207.24
 -186.69
 -209.02
 -211.71
 -183.35
 -194.81
 -126.66
 -132.55
 -208.77
 -124.39
 -100.5
 -120.16
 -211.69
 -148.91
 -113.93
 -198.77
 -102.18
 -145.23
 -114.18
 -137.6
 -113.87
 -191.27
 -200.84
 -112.72
 -103.35
 -118.97
 -147.38
 -181.25
 -133.23
 -84.40000000000001
 -114.2
 -109.08
 -88.17
 -156.18
 -86.87
 -181.44
 -83.41
 -140.66
 -90.71000000000001
 -183.26
 -126.19
 -76.48
 -73.38
 -173.71
 -112.79
 -77.40000000000001
 -148.86
 -69.16
 -77.56
 -126.09
 -72.16
 -99.58
 -84.50999999999999
 -71.42
 -141.4
 -67.53
 -57.04
 -77.53999999999999
 -112.52
 -113.16
 -81.65000000000001
 -57.45
 -136.14
 -148.07
 -151.33
 -48.86
 -118.32
 -155.64
 -150.7
 -38.77
 -143.46
 -49.01
 -95.13
 -50.95
 -102.7
 -68.62
 -129.86
 -107.46
 -29.57
 -86.16
 -49.03
 -123.39
 -38.04
 -60.49
 -115.91
 -123.01
 -26.4
 -124.04
 -17.23
 -82.33
 -69.48999999999999
 -25.82
 -60.51
 -18.81
 -80.06999999999999
 -34.53
 -107.56
 -23.91
 -42.9
 -93.55
 -7.340000000000003
 -87.15000000000001
 -58.64
 -10.36
 -70.62
 -40.08
 -50.32
 -57.95
 -96.11
 -7.840000000000003
 3.579999999999998
 -105.6
 -26.56
 -1.689999999999998
 12.28
 6.549999999999997
 -35.65
 3.340000000000003
 -50.59
 -13.32
 -5.93
 -62.43
 -74.78
 -7.280000000000001
 -74.28
 18.83
 4.960000000000001
 -63.44
 -67.96000000000001
 1.979999999999997
 -80.88
 24.29000000000001
 -67.21000000000001
 1.270000000000003
 -133.73
 -137.86
 -131.36
 -67.14
 -82.81
 -63.23
 -116.92
 -133.43
 -133.6
 -125.38
 -130.58
 -52.56
 -53.33
 -101.48
 -46.52
 -107.17
 -46.1
 -67.68000000000001
 -141.45
 -43.98
 -35.35
 -36.27
 -130.93
 -44.98
 -63.47
 -113.45
 -53.64
 -55.87
 -99
 -46.41
 -134.66
 -73.13
 -110.07
 -39.2
 -46.64
 -70.95
 -60.82
 -104.82
 -134.15
 -58.54
 -135.89
 -71.62
 -48.89
 -94.62
 -119.09
 -102.63
 -20.01
 -107.04
 -30.07
 -128.31
 -72.46000000000001
 -86.18000000000001
 -34.67
 -123.67
 -81.44
 -102.9
 -24.57
 -122.84
 -109.69
 -76
 -20.95
 -34.38
 -113.98
 -100.72
 -73.13
 -107.14
 -24.15
 -44.99
 -37.44
 -88.09
 -20.1
 -14.15
 -97.17
 -29.78
 -63.13
 -104.63
 -95.63
 -14.29
 -99.92
 3.07
 -59.37
 -1.259999999999998
 -101.34
 2.390000000000001
 -9.810000000000002
 5.939999999999998
 -5.259999999999998
 -99.45
 -1.75
 -8.149999999999999
 -30.98
 -10.46
 -1.939999999999998
 -83.53
 -83.72999999999999
 5.920000000000002
 -74.08
 -35.01
 -72.34
 -57.53
 -35.53
 -74.81
 17.13
 -61.18
 -35.41
 26.23
 9.75
 -17.03
 8.719999999999999
 -16.58
 -51.28
 -6.350000000000001
 -20.37
 29.90000000000001
 1.07
 -49.82
 -59.08
 -48.53
 -47.69
 20.84999999999999
 -8.539999999999999
 -37.3
 15.40000000000001
 61.52
 39.29000000000001
 11.79
 56.45999999999999
 61.23
 42.31
 -28.42
 75.45
 66.01000000000001
 -19.54
 -20.02
 75.5
 70.27
 28.73
 75.77
 57.34999999999999
 68.48
 41.05
 -0.4200000000000017
 3.859999999999999
 106.98
 19.09999999999999
 86.56999999999999
 96.81999999999999
 17.34999999999999
 100.59
 75.95999999999999
 15.59
 83.5
 27.09999999999999
 123.31
 67.98999999999999
 40.45
 88.34
 43
 29.79000000000001
 92.15000000000001
 71.31999999999999
 47.14
 49.2
 106.67
 131.94
 146.45
 98.13
 127.08
 157.8
 158.98
 76.55
 154.48
 152.65
 121.77
 70.34999999999999
 142.27
 163.76
 178.01
 94.50999999999999
 175.43
 134.01
 161.02
 186.82
 170.27
 191.86
 169.61
 98.68000000000001
 181.38
 105.65
 199.57
 114.93
 209.59
 136.12
 132.39
 214.11
 151.96
 118.83
 199.52
 215.27
 224.83
 133.58
 214.35
 215.55
 225.49
 220.48
 132.84
 139.32
 149.17
 189.63
 242.23
 178.59
 238.24
 155.3
 143.02
 259.22
 165.9
 163.04
 251.28
 260.81
 179.38
 199.64
 261.69
 226.24
 168.05
 250.56
 210.22
 176.86
 260.04
 262.52
 197.78
 249.39
 174.89
 271.07
 211.74
 185.3
 182.47
 267.46
 194.98
 250.88
 223.66
 279.08
 247.06
 284.2
 193.64
 223.65
 196.63
 251.87
 195.71
 195.15
 209.19
 228.14
 206.58
 239.06
 262.45
 269.98
 194.76
 219.92
 212.81
 188.11
 280.84
 285.63
 191.66
 286.18
 281.42
 203.67
 286.53
 291.25
 282.5
 202.74
 201.68
 289.72
 204.19
 261.68
 259.35
 294.95
 272.68
 285.73
 280.45
 288.24
 265.77
 199.22
 290.78
 275.74
 295.27
 279.94
 283.56
 219.73
 268.1
 225.2
 256.19
 196.89
 282.46
 272.66
 180.79
 263.68
 166.47
 212.52
 273.87
 249.22
 263.63
 267.89
 177.75
 160.85
 243.82
 172.35
 221.69
 231.18
 252.78
 150.12
 255.01
 161.02
 243.93
 175.7
 243.61
 242.84
 213.15
 244.66
 159.26
 184.27
 141.77
 239.77
 180.63
 185.47
 184.29
 154.85
 134.38
 119.13
 138.34
 192.19
 219.59
 119.19
 218.48
 122.62
 150.15
 190.79
 211.3
 172.88
 201.14
 113.33
 134.81
 102.5
 101.14
 193.68
 157.24
 140.18
 112.43
 108.72
 74.09
 159.41
 108.54
 76.94
 121.4
 141.42
 66.44
 80.75999999999999
 142.07
 159.75
 79.71000000000001
 130.78
 160.66
 60.92
 157.08
 106.59
 62.11
 54.41
 131.97
 127.54
 130.46
 99.72999999999999
 50.94
 99.28999999999999
 92.38999999999999
 32.92
 33.78
 25.91
 28.68000000000001
 82.88999999999999
 19.48999999999999
 14.42
 120.72
 105.07
 88.94
 107.23
 53.38
 85.66
 21.20999999999999
 27.51000000000001
 51.94
 4.5
 78.81
 29.06
 -16.16
 1.82
 39.59
 38.87
 79.41999999999999
 -3.539999999999999
 61.20999999999999
 33.11
 76.05
 -18.96
 -33.95
 -22.22
 -11.18
 -24.44
 47.25
 -39.89
 58.70999999999999
 57.17
 50.01000000000001
 -38.13
 45.73999999999999
 43.09999999999999
 -48.92
 33.31
 29.83
 39.56999999999999
 -33.88
 -14.47
 24.38
 -76.65000000000001
 -74.01000000000001
 -12.27
 -74.33
 -12.73
 -63.51
 0.3200000000000003
 -77.5
 -39.3
 -59.52
 -31.59
 -75.90000000000001
 12.78
 -56.44
 14.04000000000001
 -11.61
 -83.95
 9.130000000000003
 -65.31999999999999
 -59.98
 -57.48
 0.5399999999999991
 -95.58
 -95.47
 -3.030000000000001
 -3.890000000000001
 -12.79
 -89.3
 -13.04
 -59.64
 -7.359999999999999
 -54.02
 -30.55
 -109.33
 -64.31
 -9.600000000000001
 -106.37
 -18.84
 -39.72
 -118.58
 -22.6
 -108.63
 -106.37
 -51.86
 -98.28
 -102.43
 -21.53
 -25.67
 -106.59
 -20.07
 -25.75
 -26.24
 -113.11
 -61.99
 -93.38
 -61.08
 -53.97
 -54.31
 -96.64
 -110.18
 -63.05
 -121.99
 -35.31
 -52
 -64.90000000000001
 -46.46
 -66.91
 -130.49
 -125.8
 -83.28999999999999
 -41.87
 -103.38
 -42.41
 -48.26
 -33.32
 -61.44
 -56.31
 -89.63
 -73.75
 -125.67
 -46.96
 37.86
 31.36
 -32.86
 -17.19
 -36.77
 16.92
 33.43000000000001
 33.59999999999999
 25.38
 30.58
 -47.44
 -46.67
 1.479999999999997
 -53.48
 7.170000000000002
 -53.9
 -32.32
 41.45
 -56.02
 -64.65000000000001
 -63.73
 30.93000000000001
 -55.02
 -36.53
 13.45
 -46.36
 -44.13
 -1
 -53.59
 34.66
 -26.87
 10.07
 -60.8
 -53.36
 -29.05
 -39.18
 4.82
 34.15000000000001
 -41.46
 35.89
 -28.38
 -51.11
 -5.380000000000003
 19.09
 2.630000000000003
 -79.98999999999999
 7.039999999999999
 -69.93000000000001
 28.31
 -27.54
 -13.82
 -65.33
 23.67
 -18.56
 2.899999999999999
 -75.43000000000001
 22.84
 9.689999999999998
 -24
 -79.05
 -65.62
 13.98
 0.7199999999999989
 -26.87
 7.140000000000001
 -75.84999999999999
 -55.01
 -62.56
 -11.91
 -79.90000000000001
 -85.84999999999999
 -2.829999999999998
 -70.22
 -36.87
 4.630000000000003
 -4.369999999999997
 -85.71000000000001
 -0.07999999999999829
 -103.07
 -40.63
 -98.74000000000001
 1.340000000000003
 -102.39
 -90.19
 -105.94
 -94.74000000000001
 -0.5499999999999972
 -98.25
 -91.84999999999999
 -69.02
 -89.53999999999999
 -98.06
 -16.47
 -16.27
 -105.92
 -25.92
 -64.98999999999999
 -27.66
 -42.47
 -64.47
 -25.19
 -117.13
 -38.82
 -64.59
 -126.23
 -109.75
 -82.97
 -108.72
 -83.42
 -48.72
 -93.65000000000001
 -79.63
 -129.9
 -101.07
 -50.18
 -40.92
 -51.47
 -52.31
 -120.85
 -91.46000000000001
 -62.7
 -115.4
 -161.52
 -139.29
 -111.79
 -156.46
 -161.23
 -142.31
 -71.58
 -175.45
 -166.01
 -80.46000000000001
 -79.98
 -175.5
 -170.27
 -128.73
 -175.77
 -157.35
 -168.48
 -141.05
 -99.58
 -103.86
 -206.98
 -119.1
 -186.57
 -196.82
 -117.35
 -200.59
 -175.96
 -115.59
 -183.5
 -127.1
 -223.31
 -167.99
 -140.45
 -188.34
 -143
 -129.79
 -192.15
 -171.32
 -147.14
 -149.2
 -206.67
 -231.94
 -246.45
 -198.13
 -227.08
 -257.8
 -258.98
 -176.55
 -254.48
 -252.65
 -221.77
 -170.35
 -242.27
 -263.76
 -278.01
 -194.51
 -275.43
 -234.01
 -261.02
 -286.82
 -270.27
 -291.86
 -269.61
 -198.68
 -281.38
 -205.65
 -299.57
 -214.93
 -309.59
 -236.12
 -232.39
 -314.11
 -251.96
 -218.83
 -299.52
 -315.27
 -324.83
 -233.58
 -314.35
 -315.55
 -325.49
 -320.48
 -232.84
 -239.32
 -249.17
 -289.63
 -342.23
 -278.59
 -338.24
 -255.3
 -243.02
 -359.22
 -265.9
 -263.04
 -351.28
 -360.81
 -279.38
 -299.64
 -361.69
 -326.24
 -268.05
 -350.56
 -310.22
 -276.86
 -360.04
 -362.52
 -297.78
 -349.39
 -274.89
 -371.07
 -311.74
 -285.3
 -282.47
 -367.46
 -294.98
 -350.88
 -323.66
 -379.08
 -347.06
 -384.2
 -293.64
 -323.65
 -296.63
 -351.87
 -295.71
 -295.15
 -309.19
 -328.14
 -306.58
 -339.06
 -362.45
 -369.98
 -294.76
 -319.92
 -312.81
 -288.11
 -380.84
 -385.63
 -291.66
 -386.18
 -381.42
 -303.67
 -386.53
 -391.25
 -382.5
 -302.74
 -301.68
 -389.72
 -304.19
 -361.68
 -359.35
 -394.95
 -372.68
 -385.73
 -380.45
 -388.24
 -365.77
 -299.22
 -390.78
 -375.74
 -395.27
 -379.94
 -383.56
 -319.73
 -368.1
 -325.2
 -356.19
 -296.89
 -382.46
 -372.66
 -280.79
 -363.68
 -266.47
 -312.52
 -373.87
 -349.22
 -363.63
 -367.89
 -277.75
 -260.85
 -343.82
 -272.35
 -321.69
 -331.18
 -352.78
 -250.12
 -355.01
 -261.02
 -343.93
 -275.7
 -343.61
 -342.84
 -313.15
 -344.66
 -259.26
 -284.27
 -241.77
 -339.77
 -280.63
 -285.47
 -284.29
 -254.85
 -234.38
 -219.13
 -238.34
 -292.19
 -319.59
 -219.19
 -318.48
 -222.62
 -250.15
 -290.79
 -311.3
 -272.88
 -301.14
 -213.33
 -234.81
 -202.5
 -201.14
 -293.68
 -257.24
 -240.18
 -212.43
 -208.72
 -174.09
 -259.41
 -208.54
 -176.94
 -221.4
 -241.42
 -166.44
 -180.76
 -242.07
 -259.75
 -179.71
 -230.78
 -260.66
 -160.92
 -257.08
 -206.59
 -162.11
 -154.41
 -231.97
 -227.54
 -230.46
 -199.73
 -150.94
 -199.29
 -192.39
 -132.92
 -133.78
 -125.91
 -128.68
 -182.89
 -119.49
 -114.42
 -220.72
 -205.07
 -188.94
 -207.23
 -153.38
 -185.66
 -121.21
 -127.51
 -151.94
 -104.5
 -178.81
 -129.06
 -83.84
 -101.82
 -139.59
 -138.87
 -179.42
 -96.46000000000001
 -161.21
 -133.11
 -176.05
 -81.03999999999999
 -66.05
 -77.78
 -88.81999999999999
 -75.56
 -147.25
 -60.11
 -158.71
 -157.17
 -150.01
 -61.87
 -145.74
 -143.1
 -51.08
 -133.31
 -129.83
 -139.57
 -66.12
 -85.53
 -124.38
 -23.35
 -25.99
 -87.72999999999999
 -25.67
 -87.27000000000001
 -36.49
 -100.32
 -22.5
 -60.7
 -40.48
 -68.41
 -24.1
 -112.78
 -43.56
 -114.04
 -88.39
 -16.05
 -109.13
 -34.68
 -40.02
 -42.52
 -100.54
 -4.420000000000002
 -4.530000000000001
 -96.97
 -96.11
 -87.21000000000001
 -10.7
 -86.96000000000001
 -40.36
 -92.64
 -45.98
 -69.45
 9.329999999999998
 -35.69
 -90.40000000000001
 6.369999999999997
 -81.16
 -60.28
 18.58
 -77.40000000000001
 8.630000000000003
 6.369999999999997
 -48.14
 -1.719999999999999
 2.43
 -78.47
 -74.33
 6.590000000000003
 -79.93000000000001
 -74.25
 -73.76000000000001
 13.11
 -38.01
 -6.619999999999997
 -38.92
 -46.03
 -45.69
 -3.359999999999999
 10.18
 -36.95
 21.98999999999999
 -64.69
 -48
 -35.1
 -53.54
 -33.09
 30.48999999999999
 25.8
 -16.71
 -58.13
 3.380000000000003
 -57.59
 -51.74
 -66.68000000000001
 -38.56
 -43.69
 -10.37
 -26.25
 25.67
 -53.04
 28.52
 -0.4399999999999977
 -26.94
 -41.65
 -32.75
 34.90000000000001
 -36.87
 4.460000000000001
 -39
 11.79
 -59.52
 -58.33
 -21.62
 22.29000000000001
 19.45
 32.67
 -7.479999999999997
 22.84999999999999
 40.01000000000001
 -52.31
 16.27
 32.29000000000001
 46.23999999999999
 43.69
 4.439999999999998
 -25.43
 -5.950000000000003
 39.87
 -32.25
 -8.009999999999998
 28.48999999999999
 44.53
 -51.49
 -61.15
 -51.65
 -43.07
 -42.4
 -58.41
 -42.76
 -23.64
 1.32
 -10.57
 -10.78
 -1.619999999999997
 36.76000000000001
 -38.27
 -44.89
 25.45
 -33.07
 -11
 -16.31
 -13.24
 -6.159999999999997
 -93.2
 -12.05
 -24.4
 -63.23
 0.259999999999998
 0.8699999999999974
 -93.83
 -87.09
 -56.17
 -79.61
 -60.62
 -14.19
 -53.43
 -74.97
 -63.72
 -86.78999999999999
 -11.36
 -40.44
 -9.280000000000001
 17.13
 -73.87
 33.23
 10.47
 -21.31
 -7.109999999999999
 2.630000000000003
 -37.78
 33.87
 19.43000000000001
 -17.6
 -7.969999999999999
 33.98
 -42.66
 29.23999999999999
 41.70999999999999
 49.31
 5.270000000000003
 -43.8
 -44.74
 56.77
 -10.14
 -22.94
 73.7
 -27.11
 7.75
 13.74
 -1.049999999999997
 49.26000000000001
 -11.09
 88.22
 89.84
 15.79000000000001
 88.90000000000001
 47.75
 40.63
 29.69
 42.28
 48.06
 107.03
 98.46000000000001
 99.74000000000001
 50.70999999999999
 96.75
 121.3
 102.44
 35.22
 33.13
 56.34
 48.05
 120.58
 133.62
 136.08
 59.3
 76.2
 102.81
 67.66
 64.66
 67.81999999999999
 163.3
 75.39
 145.11
 91.06999999999999
 98.66999999999999
 152.49
 128.83
 109.67
 117.76
 169.69
 123.23
 105.99
 196.47
 212.22
 116.16
 179.44
 111.68
 179.89
 219.18
 220.75
 185.93
 234.23
 236.66
 149.24
 153.72
 163.99
 150.43
 198.64
 254.52
 251.24
 164.76
 266.78
 257.54
 175.8
 221.73
 195.69
 293.43
 284.98
 286.37
 246.93
 212.97
 241.33
 258.68
 297.03
 281.97
 237.65
 230.16
 237.29
 298.35
 334.65
 329.87
 330.41
 328.27
 333.24
 334.88
 257.78
 263.37
 260.39
 276.94
 358.52
 264.61
 266.69
 362.75
 377.24
 275.82
 280.47
 374.79
 377.19
 337.49
 300.07
 287.82
 385.77
 358.7
 312.21
 324.76
 405.26
 364.57
 413.56
 339.65
 388.18
 338.82
 414.89
 339.45
 349.61
 367.42
 328.95
 379.54
 330.67
 340.25
 401.05
 432.04
 405.65
 378.55
 384.06
 358.94
 401.86
 446.26
 400.58
 343.74
 439.87
 447.24
 439.56
 370.73
 439.91
 458.41
 426
 451.71
 350.86
 376.4
 414.8
 462.04
 441.98
 408.74
 386.08
 402.65
 427.34
 448.52
 443.08
 377.31
 407.77
 368.02
 412.14
 375.45
 365.37
 407.71
 430.56
 359.05
 467.5599999999999
 458.28
 381.81
 359.52
 365.97
 370.79
 403.46
 458.47
 377.98
 442.03
 456
 401.42
 361.49
 454.86
 446.22
 362.35
 456.93
 434.83
 420.21
 447.7
 369.97
 439.24
 391.54
 398.21
 339.34
 380.45
 424.33
 379.44
 433.9
 392.72
 403.33
 362.75
 348.64
 381.26
 318.64
 424.13
 329.19
 331.28
 314.51
 380.96
 310.15
 304.13
 405.72
 354.31
 343.61
 350.56
 361.27
 379.24
 300.4
 318.76
 285.53
 374.6
 336.3
 317.92
 372.62
 277.78
 369.23
 363.05
 263.96
 346.8
 301.41
 285.02
 249.32
 248.19
 243.58
 243.82
 296.27
 241.84
 321.51
 286.89
 263.08
 314.44
 287.45
 312.42
 216.92
 301.2
 203.9
 254.57
 295.36
 206.39
 293.74
 220.07
 268.44
 199.35
 235.53
 282.65
 169.97
 233.9
 246.28
 214.05
 230.57
 256.53
 231.72
 155.27
 181.21
 156.53
 226.47
 186.51
 219.27
 172.54
 223.26
 215.76
 144.7
 142.77
 111.69
 164.25
 203.62
 137.46
 137.4
 193.96
 112.51
 92.00999999999999
 114.45
 117.78
 135.72
 120.9
 98.13
 89.72
 73.52
 109.77
 157.17
 145.77
 146.26
 97.86000000000001
 115.9
 132.67
 46.06
 126.93
 70.68000000000001
 45.91
 52.72
 113.65
 97.22999999999999
 65.58
 48.40000000000001
 116.26
 111.54
 71.19
 92.28
 14.78
 66.79000000000001
 101.8
 98.40000000000001
 87.56999999999999
 90.13999999999999
 73.12
 8.450000000000003
 39.52
 21.04000000000001
 -16.08
 57.56999999999999
 -9.700000000000003
 6.090000000000003
 -17.62
 -14.91
 64.03
 69.13
 40.47
 -33.37
 54.06999999999999
 42.78
 -28.24
 -3.079999999999998
 -51.8
 6.719999999999999
 -2.909999999999997
 41.38
 -3.649999999999999
 -27.02
 33.17
 -5.32
 -16.48
 9.18
 -69.73
 18.62
 -12.86
 -80.77
 -51.88
 -32.38
 -3.969999999999999
 -28.65
 15.48
 -64.58
 -78.81
 3.200000000000003
 -25.04
 -48.52
 -91.36
 -13.64
 -90.46000000000001
 -32.21
 -9
 17.43000000000001
 7.789999999999999
 34.42
 40.15000000000001
 -47.74
 -21.21
 -21.02
 40.09
 -63.05
 -32.06
 -32.48999999999999
 -10.13
 -46.73
 -43.57
 -34.89
 -57.94
 -33.6
 16.2
 26.76000000000001
 36.70999999999999
 -21.95
 -64.25
 -49.71
 -62.42
 -69.38
 39.75
 -68.47
 -33.88
 8.979999999999997
 5.890000000000001
 -69.67
 8.950000000000003
 -61.85
 10.31
 -64.16
 13.45
 -49
 -18.2
 10.67
 -64.73
 -56.77
 -26.12
 -47.23
 -45.89
 -55.35
 -57.94
 10.56
 -46.61
 -79.71000000000001
 -89
 -83.69
 -86.75999999999999
 -93.84
 -6.799999999999997
 -87.95
 -75.59999999999999
 -36.77
 -100.26
 -100.87
 -6.170000000000002
 -12.91
 -43.83
 -20.39
 -39.38
 -85.81
 -46.57
 -25.03
 -36.28
 -13.21
 -88.64
 -59.56
 -90.72
 -117.13
 -26.13
 -133.23
 -110.47
 -78.69
 -92.89
 -102.63
 -62.22
 -133.87
 -119.43
 -82.40000000000001
 -92.03
 -133.98
 -57.34
 -129.24
 -141.71
 -149.31
 -105.27
 -56.2
 -55.26
 -156.77
 -89.86
 -77.06
 -173.7
 -72.89
 -107.75
 -113.74
 -98.95
 -149.26
 -88.91
 -188.22
 -189.84
 -115.79
 -188.9
 -147.75
 -140.63
 -129.69
 -142.28
 -148.06
 -207.03
 -198.46
 -199.74
 -150.71
 -196.75
 -221.3
 -202.44
 -135.22
 -133.13
 -156.34
 -148.05
 -220.58
 -233.62
 -236.08
 -159.3
 -176.2
 -202.81
 -167.66
 -164.66
 -167.82
 -263.3
 -175.39
 -245.11
 -191.07
 -198.67
 -252.49
 -228.83
 -209.67
 -217.76
 -269.69
 -223.23
 -205.99
 -296.47
 -312.22
 -216.16
 -279.44
 -211.68
 -279.89
 -319.18
 -320.75
 -285.93
 -334.23
 -336.66
 -249.24
 -253.72
 -263.99
 -250.43
 -298.64
 -354.52
 -351.24
 -264.76
 -366.78
 -357.54
 -275.8
 -321.73
 -295.69
 -393.43
 -384.98
 -386.37
 -346.93
 -312.97
 -341.33
 -358.68
 -397.03
 -381.97
 -337.65
 -330.16
 -337.29
 -398.35
 -434.65
 -429.87
 -430.41
 -428.27
 -433.24
 -434.88
 -357.78
 -363.37
 -360.39
 -376.94
 -458.52
 -364.61
 -366.69
 -462.75
 -477.24
 -375.82
 -380.47
 -474.79
 -477.19
 -437.49
 -400.07
 -387.82
 -485.77
 -458.7
 -412.21
 -424.76
 -505.26
 -464.57
 -513.5599999999999
 -439.65
 -488.18
 -438.82
 -514.89
 -439.45
 -449.61
 -467.42
 -428.95
 -479.54
 -430.67
 -440.25
 -501.05
 -532.04
 -505.65
 -478.55
 -484.06
 -458.94
 -501.86
 -546.26
 -500.58
 -443.74
 -539.87
 -547.24
 -539.5599999999999
 -470.73
 -539.9100000000001
 -558.4100000000001
 -526
 -551.71
 -450.86
 -476.4
 -514.8
 -562.04
 -541.98
 -508.74
 -486.08
 -502.65
 -527.3399999999999
 -548.52
 -543.0799999999999
 -477.31
 -507.77
 -468.02
 -512.14
 -475.45
 -465.37
 -507.71
 -530.5599999999999
 -459.05
 -567.5599999999999
 -558.28
 -481.81
 -459.52
 -465.97
 -470.79
 -503.46
 -558.47
 -477.98
 -542.03
 -556
 -501.42
 -461.49
 -554.86
 -546.22
 -462.35
 -556.9300000000001
 -534.8299999999999
 -520.21
 -547.7
 -469.97
 -539.24
 -491.54
 -498.21
 -439.34
 -480.45
 -524.3299999999999
 -479.44
 -533.9
 -492.72
 -503.33
 -462.75
 -448.64
 -481.26
 -418.64
 -524.13
 -429.19
 -431.28
 -414.51
 -480.96
 -410.15
 -404.13
 -505.72
 -454.31
 -443.61
 -450.56
 -461.27
 -479.24
 -400.4
 -418.76
 -385.53
 -474.6
 -436.3
 -417.92
 -472.62
 -377.78
 -469.23
 -463.05
 -363.96
 -446.8
 -401.41
 -385.02
 -349.32
 -348.19
 -343.58
 -343.82
 -396.27
 -341.84
 -421.51
 -386.89
 -363.08
 -414.44
 -387.45
 -412.42
 -316.92
 -401.2
 -303.9
 -354.57
 -395.36
 -306.39
 -393.74
 -320.07
 -368.44
 -299.35
 -335.53
 -382.65
 -269.97
 -333.9
 -346.28
 -314.05
 -330.57
 -356.53
 -331.72
 -255.27
 -281.21
 -256.53
 -326.47
 -286.51
 -319.27
 -272.54
 -323.26
 -315.76
 -244.7
 -242.77
 -211.69
 -264.25
 -303.62
 -237.46
 -237.4
 -293.96
 -212.51
 -192.01
 -214.45
 -217.78
 -235.72
 -220.9
 -198.13
 -189.72
 -173.52
 -209.77
 -257.17
 -245.77
 -246.26
 -197.86
 -215.9
 -232.67
 -146.06
 -226.93
 -170.68
 -145.91
 -152.72
 -213.65
 -197.23
 -165.58
 -148.4
 -216.26
 -211.54
 -171.19
 -192.28
 -114.78
 -166.79
 -201.8
 -198.4
 -187.57
 -190.14
 -173.12
 -108.45
 -139.52
 -121.04
 -83.92
 -157.57
 -90.3
 -106.09
 -82.38
 -85.09
 -164.03
 -169.13
 -140.47
 -66.63
 -154.07
 -142.78
 -71.76000000000001
 -96.92
 -48.2
 -106.72
 -97.09
 -141.38
 -96.34999999999999
 -72.98
 -133.17
 -94.68000000000001
 -83.52000000000001
 -109.18
 -30.27
 -118.62
 -87.14
 -19.23
 -48.12
 -67.62
 -96.03
 -71.34999999999999
 -115.48
 -35.42
 -21.19
 -103.2
 -74.96000000000001
 -51.48
 -8.640000000000001
 -86.36
 -9.539999999999999
 -67.78999999999999
 -91
 6.259999999999998
 -84.72
 -15.49
 -54.98
 -93.02000000000001
 -85.69
 -58.21
 -19.41
 -43.37
 -87.22
 10.43
 15.15000000000001
 -82.77000000000001
 -11.67
 -80.36
 -72.52
 -87.89
 -63.67
 -75.2
 24.64
 -79.68000000000001
 7.759999999999998
 11.87
 -70.36
 9.189999999999998
 -26.82
 -4.369999999999997
 -0.9500000000000028
 -3.859999999999999
 -34
 15.87
 6.460000000000001
 13.66
 39.06
 -35.99
 20.52
 33.37
 -47.47
 23.61
 -60.99
 -49.94
 10.8
 32.38
 9.990000000000002
 -52.48
 -53.43
 -64
 6.07
 -23.45
 -52.96
 -78.23
 -67.73999999999999
 -3.670000000000002
 -86.44
 -92.33
 -90.15000000000001
 -67.93000000000001
 -37.4
 -21.5
 -72.97
 -88.53
 -47.93
 -74.03999999999999
 -85.42
 -76.22
 -75.56999999999999
 -82.65000000000001
 -7.619999999999997
 -62.23
 -50.67
 16.13
 15.58
 9.530000000000001
 -79.36
 16.45
 -70.55
 -53.25
 3.479999999999997
 -8.659999999999997
 20.12
 -65.91
 29.08
 -23.08
 -46.43
 6.950000000000003
 38.11
 20.34999999999999
 -39.58
 19.88
 26.3
 48.89
 -9.32
 -44.66
 60.17
 -3.490000000000002
 37.47
 -1.670000000000002
 -23.39
 -9.740000000000002
 51.23
 -16.04
 -16.82
 72.56
 -17.09
 -1.020000000000003
 51.8
 16.98
 81.37
 94.06
 77.70999999999999
 42.04000000000001
 101.55
 108.4
 97.46000000000001
 115.81
 17.09
 119.74
 122.45
 47.18000000000001
 88.05000000000001
 131.44
 134.27
 43.68000000000001
 147.49
 134.59
 151.19
 69.89
 154.17
 166.91
 75.8
 115.47
 170.54
 171.11
 125.93
 101.32
 93.87
 194.19
 173.54
 143.46
 113.29
 208.26
 124.91
 131.14
 167.65
 153.38
 226.46
 166.9
 205.74
 239.27
 147.66
 155.13
 182.4
 255.25
 168.22
 195.24
 247.82
 193.27
 192.45
 197.02
 198.21
 208.54
 204.96
 218.35
 203.69
 304.76
 302.98
 318.99
 245.11
 307.87
 292.95
 245.01
 253.88
 288.54
 289.86
 351.62
 305.17
 342.46
 338.07
 278.49
 295.85
 335.88
 294.36
 394.79
 406.96
 377.37
 310.03
 370.69
 323.61
 397.89
 336.54
 393.53
 341.68
 432.83
 398.64
 434.07
 442.07
 423.77
 364.65
 464.77
 456.13
 425.66
 387.14
 481.78
 471.74
 406.95
 499.6
 446.68
 423.22
 465.2
 516.3
 437.35
 519.5
 467.59
 471.6799999999999
 490.22
 537.62
 527.84
 516.45
 484.48
 486.3
 544.17
 549.7
 471.25
 551.23
 499.92
 520.79
 480.9299999999999
 487.5700000000001
 578.29
 483.33
 522.92
 480.4299999999999
 495.45
 492.1
 494.8099999999999
 589.55
 555.85
 496.74
 561.59
 514.53
 512.5599999999999
 590.02
 617.7
 538.15
 608.91
 619.63
 551.25
 537.8200000000001
 618.7
 597.6900000000001
 584.45
 524.01
 548.11
 583.39
 591.2
 588.95
 572.4299999999999
 545.01
 626.35
 634.16
 647.87
 599.95
 633.48
 648.6799999999999
 629.61
 578.54
 568.61
 603.63
 560.2
 570.88
 563.26
 566.95
 540.42
 553.98
 546.27
 560.65
 586.5
 624.37
 553.5
 565.53
 566.78
 613.47
 608.9400000000001
 634.42
 592.59
 536.35
 583.73
 633.73
 634.55
 536.48
 525.09
 623.05
 601.78
 631.6
 616.74
 617.1900000000001
 618.4
 582.4299999999999
 558.52
 517.64
 598.3200000000001
 537.4299999999999
 544.88
 511.37
 500.64
 537.4
 546.09
 502.36
 588.59
 490.2
 574.6799999999999
 544.26
 486.34
 567.13
 484.03
 551.65
 476.6900000000001
 462.6
 473.48
 463.84
 551.96
 546.1900000000001
 526.16
 529.92
 463.14
 490.54
 494.74
 443.43
 520.24
 475.22
 518.72
 431.56
 419.06
 442.93
 478.45
 427.55
 434
 485.21
 449.45
 391.55
 427.11
 456.87
 421.82
 425.61
 440.6
 375.4
 430.43
 366.1
 370.08
 441.37
 364.34
 335.66
 419.29
 431.25
 418.77
 325.96
 314.11
 382.27
 285.4
 296.11
 393.43
 330.17
 334.15
 296
 364.42
 367.93
 276.19
 293.52
 259.17
 353.45
 319.65
 270.16
 330.68
 245.2
 313.03
 281.33
 215.55
 303.31
 229.93
 275.23
 263.05
 220.88
 272.42
 221.4
 198.13
 180.88
 180.01
 256.11
 191.52
 241.34
 164.17
 157.4
 241.39
 181.05
 240.15
 173.04
 226.81
 190.44
 198.34
 144.8
 164.02
 204.32
 110.58
 103.6
 170.73
 95.38999999999999
 92.46000000000001
 94.30000000000001
 136.81
 184.27
 178.29
 109.81
 143.39
 114.84
 161.59
 56.73
 56.15000000000001
 75.14
 60.34999999999999
 47.72
 113.83
 86.91
 83.40000000000001
 101.25
 38.68000000000001
 111.07
 10.42
 17.37
 98.52000000000001
 24.15000000000001
 92.08000000000001
 89.31999999999999
 95.19
 88.63
 80.47
 -5.579999999999998
 33.58
 49.62
 -1.770000000000003
 65.45
 -13.33
 -22.4
 77.06
 -24.13
 1.490000000000002
 -37.96
 40.08
 -38.6
 57.06
 56.26000000000001
 -53.41
 38.09
 33.01000000000001
 -20.23
 36.58
 -44.62
 57.43000000000001
 22.66
 -47.05
 38.84
 -40.46
 -38.72
 46.17
 -22.79
 -48.46
 -15.67
 -45.92
 -27.03
 -36.51
 -49.75
 -63.4
 44.36
 -34.21
 33.29000000000001
 -2.609999999999999
 -3.189999999999998
 -36.27
 -48.31
 25.37
 -15.54
 28.58
 36.93000000000001
 -53.87
 -60.95
 -62.94
 -34.98
 36.41
 -19.02
 43.36
 34.8
 -51.01
 -37.45
 -36.57
 28.01000000000001
 -48.84
 37.59999999999999
 -25.26
 1.060000000000002
 30.70999999999999
 -49.27
 -67.28
 28.15000000000001
 -68.39
 1.960000000000001
 -4.469999999999999
 23.17
 -62.01
 -6.960000000000001
 23.94
 29.5
 -74.84
 14.67
 21.95
 -74.18000000000001
 -43.37
 10.26
 15.40000000000001
 -72.23
 5.450000000000003
 -39.64
 -27.95
 21.27
 -52.88
 -57.03
 -47.04
 -21.77
 -32.26000000000001
 -96.33
 -13.56
 -7.670000000000002
 -9.850000000000001
 -32.07
 -62.6
 -78.5
 -27.03
 -11.47
 -52.07
 -25.96
 -14.58
 -23.78
 -24.43
 -17.35
 -92.38
 -37.77
 -49.33
 -116.13
 -115.58
 -109.53
 -20.64
 -116.45
 -29.45
 -46.75
 -103.48
 -91.34
 -120.12
 -34.09
 -129.08
 -76.92
 -53.57
 -106.95
 -138.11
 -120.35
 -60.42
 -119.88
 -126.3
 -148.89
 -90.68000000000001
 -55.34
 -160.17
 -96.50999999999999
 -137.47
 -98.33
 -76.61
 -90.25999999999999
 -151.23
 -83.96000000000001
 -83.18000000000001
 -172.56
 -82.91
 -98.97999999999999
 -151.8
 -116.98
 -181.37
 -194.06
 -177.71
 -142.04
 -201.55
 -208.4
 -197.46
 -215.81
 -117.09
 -219.74
 -222.45
 -147.18
 -188.05
 -231.44
 -234.27
 -143.68
 -247.49
 -234.59
 -251.19
 -169.89
 -254.17
 -266.91
 -175.8
 -215.47
 -270.54
 -271.11
 -225.93
 -201.32
 -193.87
 -294.19
 -273.54
 -243.46
 -213.29
 -308.26
 -224.91
 -231.14
 -267.65
 -253.38
 -326.46
 -266.9
 -305.74
 -339.27
 -247.66
 -255.13
 -282.4
 -355.25
 -268.22
 -295.24
 -347.82
 -293.27
 -292.45
 -297.02
 -298.21
 -308.54
 -304.96
 -318.35
 -303.69
 -404.76
 -402.98
 -418.99
 -345.11
 -407.87
 -392.95
 -345.01
 -353.88
 -388.54
 -389.86
 -451.62
 -405.17
 -442.46
 -438.07
 -378.49
 -395.85
 -435.88
 -394.36
 -494.79
 -506.96
 -477.37
 -410.03
 -470.69
 -423.61
 -497.89
 -436.54
 -493.53
 -441.68
 -532.8299999999999
 -498.64
 -534.0699999999999
 -542.0699999999999
 -523.77
 -464.65
 -564.77
 -556.13
 -525.6600000000001
 -487.14
 -581.78
 -571.74
 -506.95
 -599.6
 -546.6800000000001
 -523.22
 -565.2
 -616.3
 -537.35
 -619.5
 -567.59
 -571.6799999999999
 -590.22
 -637.62
 -627.84
 -616.45
 -584.48
 -586.3
 -644.17
 -649.7
 -571.25
 -651.23
 -599.92
 -620.79
 -580.9299999999999
 -587.5700000000001
 -678.29
 -583.33
 -622.92
 -580.4299999999999
 -595.45
 -592.1
 -594.8099999999999
 -689.55
 -655.85
 -596.74
 -661.59
 -614.53
 -612.5599999999999
 -690.02
 -717.7
 -638.15
 -708.91
 -719.63
 -651.25
 -637.8200000000001
 -718.7
 -697.6900000000001
 -684.45
 -624.01
 -648.11
 -683.39
 -691.2
 -688.95
 -672.4299999999999
 -645.01
 -726.35
 -734.16
 -747.87
 -699.95
 -733.48
 -748.6799999999999
 -729.61
 -678.54
 -668.61
 -703.63
 -660.2
 -670.88
 -663.26
 -666.95
 -640.42
 -653.98
 -646.27
 -660.65
 -686.5
 -724.37
 -653.5
 -665.53
 -666.78
 -713.47
 -708.9400000000001
 -734.42
 -692.59
 -636.35
 -683.73
 -733.73
 -734.55
 -636.48
 -625.09
 -723.05
 -701.78
 -731.6
 -716.74
 -717.1900000000001
 -718.4
 -682.4299999999999
 -658.52
 -617.64
 -698.3200000000001
 -637.4299999999999
 -644.88
 -611.37
 -600.64
 -637.4
 -646.09
 -602.36
 -688.59
 -590.2
 -674.6799999999999
 -644.26
 -586.34
 -667.13
 -584.03
 -651.65
 -576.6900000000001
 -562.6
 -573.48
 -563.84
 -651.96
 -646.1900000000001
 -626.16
 -629.92
 -563.14
 -590.54
 -594.74
 -543.4300000000001
 -620.24
 -575.22
 -618.72
 -531.5599999999999
 -519.0599999999999
 -542.9300000000001
 -578.45
 -527.55
 -534
 -585.21
 -549.45
 -491.55
 -527.11
 -556.87
 -521.8199999999999
 -525.61
 -540.6
 -475.4
 -530.4300000000001
 -466.1
 -470.08
 -541.37
 -464.34
 -435.66
 -519.29
 -531.25
 -518.77
 -425.96
 -414.11
 -482.27
 -385.4
 -396.11
 -493.43
 -430.17
 -434.15
 -396
 -464.42
 -467.93
 -376.19
 -393.52
 -359.17
 -453.45
 -419.65
 -370.16
 -430.68
 -345.2
 -413.03
 -381.33
 -315.55
 -403.31
 -329.93
 -375.23
 -363.05
 -320.88
 -372.42
 -321.4
 -298.13
 -280.88
 -280.01
 -356.11
 -291.52
 -341.34
 -264.17
 -257.4
 -341.39
 -281.05
 -340.15
 -273.04
 -326.81
 -290.44
 -298.34
 -244.8
 -264.02
 -304.32
 -210.58
 -203.6
 -270.73
 -195.39
 -192.46
 -194.3
 -236.81
 -284.27
 -278.29
 -209.81
 -243.39
 -214.84
 -261.59
 -156.73
 -156.15
 -175.14
 -160.35
 -147.72
 -213.83
 -186.91
 -183.4
 -201.25
 -138.68
 -211.07
 -110.42
 -117.37
 -198.52
 -124.15
 -192.08
 -189.32
 -195.19
 -188.63
 -180.47
 -94.42
 -133.58
 -149.62
 -98.22999999999999
 -165.45
 -86.67
 -77.59999999999999
 -177.06
 -75.87
 -101.49
 -62.04
 -140.08
 -61.4
 -157.06
 -156.26
 -120.33
 -156.9
 -89.7
 -148.59
 -70.55
 -132.91
 -119.96
 -44.96
 -69.13
 -96.24000000000001
 -45.39
 -102.05
 -22.58
 -28.65
 -31.63
 -20.93
 -43.24
 -105.31
 -36.59
 -57.88
 -38.72
 -22.25
 -97.84999999999999
 -13.22
 -113.23
 -90.15000000000001
 -92.16
 -92.81999999999999
 -97.02000000000001
 -19.51
 -18.26
 -1.740000000000002
 -0.8200000000000003
 -11.57
 7.549999999999997
 -69.3
 -40.4
 10.51
 -40.91
 -61.26
 -55.18
 -66.66
 14.92
 -20.51
 -42.39
 -62.97
 18.94
 -67.95
 -70.75
 -15.04
 -22.36
 -74.83
 -1.789999999999999
 -18.67
 13.89
 4.630000000000003
 9.659999999999997
 -72.31999999999999
 -37.9
 -36.67
 16.56
 21.93000000000001
 30.53
 27.59999999999999
 -59.79
 32.13
 24.98999999999999
 28.09999999999999
 27.47
 26.20999999999999
 24.92
 31.61
 36.87
 28.7
 -94.67
 -46.03
 16.91
 -26.51
 -81.78999999999999
 -72.59999999999999
 -81.34
 -81.16
 -0.8400000000000034
 -2.969999999999999
 4.530000000000001
 -50.49
 -61.78
 18.11
 -26.66
 -21.02
 36.88
 -49.04
 31.19
 1.43
 44.40000000000001
 -33.42
 13.26
 45.17
 32.47
 30.59999999999999
 -29.57
 62.03
 -30.37
 -28.44
 77.59
 -8.170000000000002
 34.20999999999999
 -3.939999999999998
 80.06999999999999
 -9.25
 3.329999999999998
 92.77000000000001
 99.80000000000001
 -0.8200000000000003
 84.80000000000001
 3.719999999999999
 76.86
 105.83
 25.37
 90.06
 35.33
 87.47999999999999
 139.11
 60.09999999999999
 40.26000000000001
 69.23999999999999
 147.01
 54.09999999999999
 86.77000000000001
 131.4
 103.05
 143.18
 174.87
 136.07
 143.17
 98.27000000000001
 112.59
 124.53
 155.74
 183.48
 108.69
 187.38
 198.19
 226.23
 219.97
 224.13
 140.08
 243.6
 225.19
 214.24
 163.44
 255.48
 232.49
 181.2
 193.14
 216.32
 285.05
 189.93
 294.9
 213.61
 241.12
 296.04
 214.25
 321.92
 332.41
 329.18
 277.68
 343.84
 337.04
 351.47
 347.34
 356.4
 342.47
 280.7
 292.63
 317.16
 380.13
 317.48
 409.95
 312.08
 386.56
 363.28
 333.39
 335.92
 337.09
 351.47
 441.54
 438.63
 463.01
 387.87
 469.74
 400.53
 393.34
 486.29
 478
 511.48
 514.4
 472.47
 518.58
 472.4400000000001
 522.0700000000001
 527.39
 506.8
 561.85
 512.04
 462.6900000000001
 530.64
 521.26
 536.54
 572.4299999999999
 572.17
 509.79
 513.65
 575.4299999999999
 604.3099999999999
 620.0599999999999
 586.39
 555.14
 636.1900000000001
 588.89
 644.55
 604.03
 648.9400000000001
 664.65
 560.83
 564.37
 678.9400000000001
 581.86
 675.62
 614.98
 602.46
 612.79
 656.55
 638.5599999999999
 685.86
 652.04
 685.99
 686.58
 654.78
 722.86
 749
 691.4299999999999
 710.24
 710.3200000000001
 754.62
 719.05
 753.29
 730.91
 684.15
 673.87
 673.51
 684.8200000000001
 770.05
 776.64
 772.51
 710.04
 710
 715.73
 787.6
 703.41
 778.89
 805.41
 721.05
 742.25
 804.46
 817.64
 723.4400000000001
 823.12
 758.37
 732.26
 726.92
 831.35
 775.87
 828.5599999999999
 753.78
 803.9299999999999
 838.79
 797.83
 789.1799999999999
 847.1799999999999
 748.73
 827.76
 808.66
 845.02
 788.72
 748.71
 757.2
 762.45
 752.0700000000001
 813.41
 841.91
 837.9
 738.79
 753.54
 801.59
 810.49
 756.21
 836.22
 801.6
 807.23
 826.27
 742.15
 828.3
 729.85
 744.04
 817.66
 808.91
 808.91
 756.65
 764.92
 808.55
 768.52
 808.15
 806.33
 809.27
 738.52
 763.12
 721.16
 748.37
 714.63
 787.97
 734.64
 704.27
 703.89
 676.61
 735.8200000000001
 767.27
 672.58
 755.77
 737.49
 753.89
 686.46
 658.33
 707.75
 733.0599999999999
 724.74
 632.59
 712.22
 625.8099999999999
 664.4400000000001
 666.0599999999999
 696.63
 623.97
 647.48
 688.85
 668.25
 632.87
 680.83
 669.78
 650.74
 664.38
 562.48
 618.53
 630.2
 622.8200000000001
 639.2
 542.67
 527.05
 603.48
 570.76
 510.91
 513.14
 500.62
 586.5
 594.67
 576.99
 477.8200000000001
 513.97
 477.72
 565.89
 492.9299999999999
 542.01
 532.78
 534.27
 501.29
 432.97
 431.02
 491.86
 442.78
 448.18
 410.68
 451.05
 453.93
 466.92
 426.87
 467.76
 368.95
 384.46
 441.86
 345.79
 348.44
 401.01
 356.15
 336.7
 352.43
 293.77
 355.94
 319.34
 324.78
 294.15
 373.61
 363.98
 269.97
 259.54
 255.84
 268.08
 335.44
 269.34
 315.99
 323.1
 322.35
 292.85
 310.2
 244.64
 273.99
 272.05
 193.63
 236.02
 272.66
 177.85
 244.73
 171.66
 262.07
 208.12
 184.4
 178.63
 180.45
 219.21
 135.01
 140.51
 132.21
 152.1
 165.96
 196.6
 193.16
 185.63
 97.59999999999999
 181.11
 127.28
 85.31999999999999
 159.66
 91.41999999999999
 88.47999999999999
 162.38
 151.52
 80.96000000000001
 152.97
 103.99
 42.81
 125.35
 102.4
 30.7
 34.08
 30.36
 115.72
 99.06999999999999
 11.2
 118.03
 7.039999999999999
 94.38
 11.27
 44.83
 14.41
 -3.07
 48.70999999999999
 76.23999999999999
 29.15000000000001
 -11.54
 -22.51
 -13.57
 -28.61
 36.69
 -40.17
 7.289999999999999
 -51.09
 30.09
 45.22
 24.12
 34.59
 -17.23
 43.03
 -63.39
 -26.16
 -0.1899999999999977
 -1.07
 25.73999999999999
 -61.86
 -54.68
 -31.34
 31.87
 -41.19
 -58.88
 18.17
 -55.09
 -12.51
 -50.63
 15.47
 26.29000000000001
 30.58
 -60.14
 -45.16
 -46.34
 13.46
 -44.09
 -47.68
 -38.56
 -24
 -61.83
 3.140000000000001
 -11.57
 -56.64
 -62.95
 29.61
 -67.26000000000001
 -63.69
 -69.37
 -57.41
 -62.65
 -52.07
 22.84
 -41.04
 25.95999999999999
 -31.58
 -75.62
 -19.97
 -15.53
 10.34
 -76.17
 -42.99
 -26.31
 11.88
 12.06
 -11.77
 -76.78
 -87.81999999999999
 -69.75
 19.3
 -5.990000000000002
 -30.26
 -35.11
 -22.61
 -32.36
 -11.9
 -77.28
 -62.63
 -22.04
 -59.66
 -97.46000000000001
 -3.130000000000003
 -97.99000000000001
 -5.329999999999998
 -53.97
 -116.91
 -73.48999999999999
 -18.21
 -27.4
 -18.66
 -18.84
 -99.16
 -97.03
 -104.53
 -49.51
 -38.22
 -118.11
 -73.34
 -78.98
 -136.88
 -50.96
 -131.19
 -101.43
 -144.4
 -66.58
 -113.26
 -145.17
 -132.47
 -130.6
 -70.43000000000001
 -162.03
 -69.63
 -71.56
 -177.59
 -91.83
 -134.21
 -96.06
 -180.07
 -90.75
 -103.33
 -192.77
 -199.8
 -99.18000000000001
 -184.8
 -103.72
 -176.86
 -205.83
 -125.37
 -190.06
 -135.33
 -187.48
 -239.11
 -160.1
 -140.26
 -169.24
 -247.01
 -154.1
 -186.77
 -231.4
 -203.05
 -243.18
 -274.87
 -236.07
 -243.17
 -198.27
 -212.59
 -224.53
 -255.74
 -283.48
 -208.69
 -287.38
 -298.19
 -326.23
 -319.97
 -324.13
 -240.08
 -343.6
 -325.19
 -314.24
 -263.44
 -355.48
 -332.49
 -281.2
 -293.14
 -316.32
 -385.05
 -289.93
 -394.9
 -313.61
 -341.12
 -396.04
 -314.25
 -421.92
 -432.41
 -429.18
 -377.68
 -443.84
 -437.04
 -451.47
 -447.34
 -456.4
 -442.47
 -380.7
 -392.63
 -417.16
 -480.13
 -417.48
 -509.95
 -412.08
 -486.56
 -463.28
 -433.39
 -435.92
 -437.09
 -451.47
 -541.54
 -538.63
 -563.01
 -487.87
 -569.74
 -500.53
 -493.34
 -586.29
 -578
 -611.48
 -614.4
 -572.47
 -618.58
 -572.4400000000001
 -622.0700000000001
 -627.39
 -606.8
 -661.85
 -612.04
 -562.6900000000001
 -630.64
 -621.26
 -636.54
 -672.4299999999999
 -672.17
 -609.79
 -613.65
 -675.4299999999999
 -704.3099999999999
 -720.0599999999999
 -686.39
 -655.14
 -736.1900000000001
 -688.89
 -744.55
 -704.03
 -748.9400000000001
 -764.65
 -660.83
 -664.37
 -778.9400000000001
 -681.86
 -775.62
 -714.98
 -702.46
 -712.79
 -756.55
 -738.5599999999999
 -785.86
 -752.04
 -785.99
 -786.58
 -754.78
 -822.86
 -849
 -791.4299999999999
 -810.24
 -810.3200000000001
 -854.62
 -819.05
 -853.29
 -830.91
 -784.15
 -773.87
 -773.51
 -784.8200000000001
 -870.05
 -876.64
 -872.51
 -810.04
 -810
 -815.73
 -887.6
 -803.41
 -878.89
 -905.41
 -821.05
 -842.25
 -904.46
 -917.64
 -823.4400000000001
 -923.12
 -858.37
 -832.26
 -826.92
 -931.35
 -875.87
 -928.5599999999999
 -853.78
 -903.9299999999999
 -938.79
 -897.83
 -889.1799999999999
 -947.1799999999999
 -848.73
 -927.76
 -908.66
 -945.02
 -888.72
 -848.71
 -857.2
 -862.45
 -852.0700000000001
 -913.41
 -941.91
 -937.9
 -838.79
 -853.54
 -901.59
 -910.49
 -856.21
 -936.22
 -901.6
 -907.23
 -926.27
 -842.15
 -928.3
 -829.85
 -844.04
 -917.66
 -908.91
 -908.91
 -856.65
 -864.92
 -908.55
 -868.52
 -908.15
 -906.33
 -909.27
 -838.52
 -863.12
 -821.16
 -848.37
 -814.63
 -887.97
 -834.64
 -804.27
 -803.89
 -776.61
 -835.8200000000001
 -867.27
 -772.58
 -855.77
 -837.49
 -853.89
 -786.46
 -758.33
 -807.75
 -833.0599999999999
 -824.74
 -732.59
 -812.22
 -725.8099999999999
 -764.4400000000001
 -766.0599999999999
 -796.63
 -723.97
 -747.48
 -788.85
 -768.25
 -732.87
 -780.83
 -769.78
 -750.74
 -764.38
 -662.48
 -718.53
 -730.2
 -722.8200000000001
 -739.2
 -642.67
 -627.05
 -703.48
 -670.76
 -610.91
 -613.14
 -600.62
 -686.5
 -694.67
 -676.99
 -577.8200000000001
 -613.97
 -577.72
 -665.89
 -592.9299999999999
 -642.01
 -632.78
 -634.27
 -601.29
 -532.97
 -531.02
 -591.86
 -542.78
 -548.1800000000001
 -510.68
 -551.05
 -553.9300000000001
 -566.92
 -526.87
 -567.76
 -468.95
 -484.46
 -541.86
 -445.79
 -448.44
 -501.01
 -456.15
 -436.7
 -452.43
 -393.77
 -455.94
 -419.34
 -424.78
 -394.15
 -473.61
 -463.98
 -369.97
 -359.54
 -355.84
 -368.08
 -435.44
 -369.34
 -415.99
 -423.1
 -422.35
 -392.85
 -410.2
 -344.64
 -373.99
 -372.05
 -293.63
 -336.02
 -372.66
 -277.85
 -344.73
 -271.66
 -362.07
 -308.12
 -284.4
 -278.63
 -280.45
 -319.21
 -235.01
 -240.51
 -232.21
 -252.1
 -265.96
 -296.6
 -293.16
 -285.63
 -197.6
 -281.11
 -227.28
 -185.32
 -259.66
 -191.42
 -188.48
 -262.38
 -251.52
 -180.96
 -252.97
 -203.99
 -142.81
 -225.35
 -202.4
 -130.7
 -134.08
 -130.36
 -215.72
 -199.07
 -111.2
 -218.03
 -107.04
 -194.38
 -111.27
 -144.83
 -114.41
 -96.93000000000001
 -148.71
 -176.24
 -129.15
 -88.46000000000001
 -77.48999999999999
 -86.43000000000001
 -71.39
 -136.69
 -59.83
 -107.29
 -48.91
 -83.02000000000001
 -62.89
 -108.49
 -62.04
 -152.74
 -69.12
 -133.43
 -138.37
 -37.25
 -122.91
 -32.41
 -43.61
 -23.11
 -67.92
 -106.8
 -111.86
 -99.75999999999999
 -116.74
 -107.42
 -110.95
 -21.55
 -61.2
 -38.43
 -14.64
 -29.95
 -26.7
 -86.44
 -83.81
 -34.79
 -89.91
 -12.08
 -55.71
 -24.48
 -97.3
 -82.47999999999999
 -65.68000000000001
 -93.75
 -46.97
 1.329999999999998
 5.810000000000002
 -25.32
 26.20999999999999
 12.55
 -20.03
 -50.29
 -35.17
 -84.03
 -84.25
 -69.94
 5.399999999999999
 -10.95
 21.48999999999999
 -73.69
 -57.24
 16.84
 -56.23
 -62.66
 -72.58
 36.43000000000001
 13.09
 -56.1
 -5
 31.66
 -44.91
 39.68000000000001
 -0.2999999999999972
 -12.3
 -46.23
 -28.21
 -55.66
 -50.76
 -33.73
 21.14
 32.27
 -55.47
 -59.73
 -39.68
 -51.43
 15.79000000000001
 -11.2
 28.22
 54.54000000000001
 67.95999999999999
 34.40000000000001
 -27.12
 40.7
 21.66
 77.06999999999999
 78.11000000000001
 11.5
 -3.560000000000002
 79
 29.90000000000001
 5.960000000000001
 4.829999999999998
 25.42
 94.06999999999999
 65.81999999999999
 42.59
 104.93
 66.59
 93.21000000000001
 21.61
 37.23
 45.91
 134.31
 133.07
 154.89
 140.98
 100.44
 83.44999999999999
 116.61
 108.39
 124.91
 167.2
 86.66999999999999
 146.8
 179.11
 165.13
 111.12
 123.04
 189.07
 149.92
 211.81
 225.07
 166.8
 144.21
 157.37
 205.23
 152.26
 210.1
 205.97
 203.77
 209.59
 189.17
 187.74
 198.47
 223.66
 219.82
 212.05
 236.9
 224.34
 306.67
 273.57
 318.62
 339.95
 280.43
 321.69
 292.08
 276.46
 372.75
 397.55
 305.61
 308.47
 402.17
 398.87
 396.85
 425.62
 411.7
 387.38
 443
 390.32
 450.58
 465.5700000000001
 385.26
 401.21
 403.82
 472.65
 433.21
 501.09
 483.49
 491.21
 436.12
 493.9400000000001
 453.76
 489.24
 547.47
 540.62
 467.4400000000001
 525.62
 496
 506.62
 556.08
 608.23
 524.77
 600.5599999999999
 539.3
 545.3200000000001
 545.5599999999999
 650.05
 628.1900000000001
 651.65
 646.6
 598.88
 688.45
 616.58
 635.6900000000001
 621.54
 702.16
 647.87
 662.85
 747.88
 662.45
 749.88
 740.16
 755.16
 674.8200000000001
 697.09
 793.59
 706.0599999999999
 712.62
 787.04
 767.1799999999999
 759.97
 819.15
 799.65
 739.73
 781.48
 757.54
 778.04
 845.72
 850.24
 882.15
 799.89
 838.47
 896.78
 875.6900000000001
 812.33
 815.4299999999999
 879.5700000000001
 893.0599999999999
 886.4400000000001
 838.39
 872.48
 847.73
 915.1900000000001
 865.33
 956.0700000000001
 948.47
 966.47
 907.9
 876.6799999999999
 904.65
 927.8200000000001
 890.5599999999999
 891.73
 979.0599999999999
 985.5599999999999
 901.5599999999999
 949.52
 1007.39
 947.85
 974.4100000000001
 1002.24
 1012.74
 927.52
 1034.71
 928.6900000000001
 968.61
 941.45
 958.25
 966.72
 951.6900000000001
 969.4299999999999
 969.05
 1049.34
 1047.99
 1033.26
 1049.35
 1048.85
 970.63
 1006.38
 1035.17
 961.7
 1050.86
 1058.78
 961.01
 994.05
 1005.7
 1057.55
 1001.61
 957.04
 1002.6
 1048.59
 1022.37
 1013.03
 974.9200000000001
 1045.13
 1044.64
 960.91
 990.6700000000001
 1050.03
 992.8299999999999
 1014.73
 1046.82
 1036.76
 948.99
 977.71
 948.39
 933.5599999999999
 976.6600000000001
 1006.75
 921.03
 1019.73
 983.1400000000001
 946.79
 932.9
 949.96
 969.75
 931.25
 907.62
 909.16
 894.0599999999999
 897.15
 958.84
 971.8099999999999
 953.29
 875.4299999999999
 958.28
 891.7
 956.74
 876.89
 910.26
 860.65
 944.67
 887.0599999999999
 868.59
 922.08
 919.76
 843.61
 824.38
 901.5
 844.33
 792.89
 785.12
 878.66
 773.5700000000001
 864.1799999999999
 836.39
 818.48
 752.7
 798.0700000000001
 753.8099999999999
 810.8200000000001
 725.77
 754.34
 807.53
 801.02
 801.78
 782.4299999999999
 724.5599999999999
 711.45
 768.51
 742.1900000000001
 665.53
 704.17
 729.23
 635.99
 648.52
 637.08
 624.52
 617.84
 697.3
 685.3200000000001
 634.17
 575.53
 596.67
 626.5700000000001
 571.9299999999999
 564.13
 633.6799999999999
 609.26
 597.6799999999999
 529.25
 516.24
 557.4299999999999
 604.21
 566.5700000000001
 522.29
 476.25
 480.85
 532.9299999999999
 512.15
 483.63
 479.13
 509.61
 470.16
 442.05
 511.72
 469.4
 494.8099999999999
 411.31
 461.94
 476.67
 471.15
 372.59
 367.3
 412.88
 343.33
 376.16
 354.07
 328.42
 400.65
 315.84
 388.89
 378.47
 283.72
 294.86
 286.9
 357.1
 266.47
 352.26
 344.16
 342.05
 230.93
 329.79
 238.92
 304.79
 280.73
 293.95
 207.83
 300.07
 232.15
 272.95
 204.09
 265.88
 182.79
 254.39
 150.19
 245.97
 212.53
 183.21
 136.64
 179.06
 138.27
 215.12
 112.44
 113.11
 106.16
 117
 191.78
 122.73
 82.16999999999999
 180.86
 179.86
 154.59
 165.77
 62.01000000000001
 125.05
 151.99
 96.94999999999999
 112.75
 74.34
 131.27
 122.33
 122.53
 31.45
 17.27
 31.2
 9.32
 10.02
 79.38
 83.78999999999999
 74.97
 67.41
 0.990000000000002
 5.340000000000003
 -3.189999999999998
 50.91
 37.3
 -23.47
 51.72
 65.84999999999999
 40.83
 -54.65
 46.12
 -12.27
 42.72
 37.98999999999999
 46.47
 -63.17
 -45.35
 19.51000000000001
 -4.829999999999998
 24.51000000000001
 -8.210000000000001
 38.81999999999999
 20.01000000000001
 2.950000000000003
 28.59
 -64.03
 -50.48
 51.55
 -29.57
 -59.77
 41.68000000000001
 28.58
 -64.48999999999999
 -44.67
 29.68000000000001
 16.61
 -67.2
 -61.47
 7.75
 -71.31
 -38.93
 -56.01
 27.19
 -8.619999999999997
 -67.81999999999999
 -45.4
 -14.53
 -13.4
 -76.88
 -40.07
 -69.61
 -63.3
 11.6
 -71.87
 -54.16
 7.479999999999997
 -80.71000000000001
 -78.98999999999999
 -85.69
 7.270000000000003
 -98.18000000000001
 5.859999999999999
 -87.99000000000001
 -5.030000000000001
 -2.979999999999997
 -14.04
 -96.88
 -95.97999999999999
 -25.06
 -44.46
 -109.46
 -25.33
 -107.77
 -121.01
 -29.5
 -88.97
 -101.79
 -41.78
 -38.48
 -30.36
 -124
 -88.86
 -99.64
 -132.27
 -44.53
 -40.27
 -60.32
 -48.57
 -115.79
 -88.8
 -128.22
 -154.54
 -167.96
 -134.4
 -72.88
 -140.7
 -121.66
 -177.07
 -178.11
 -111.5
 -96.44
 -179
 -129.9
 -105.96
 -104.83
 -125.42
 -194.07
 -165.82
 -142.59
 -204.93
 -166.59
 -193.21
 -121.61
 -137.23
 -145.91
 -234.31
 -233.07
 -254.89
 -240.98
 -200.44
 -183.45
 -216.61
 -208.39
 -224.91
 -267.2
 -186.67
 -246.8
 -279.11
 -265.13
 -211.12
 -223.04
 -289.07
 -249.92
 -311.81
 -325.07
 -266.8
 -244.21
 -257.37
 -305.23
 -252.26
 -310.1
 -305.97
 -303.77
 -309.59
 -289.17
 -287.74
 -298.47
 -323.66
 -319.82
 -312.05
 -336.9
 -324.34
 -406.67
 -373.57
 -418.62
 -439.95
 -380.43
 -421.69
 -392.08
 -376.46
 -472.75
 -497.55
 -405.61
 -408.47
 -502.17
 -498.87
 -496.85
 -525.62
 -511.7
 -487.38
 -543
 -490.32
 -550.5799999999999
 -565.5700000000001
 -485.26
 -501.21
 -503.82
 -572.65
 -533.21
 -601.09
 -583.49
 -591.21
 -536.12
 -593.9400000000001
 -553.76
 -589.24
 -647.47
 -640.62
 -567.4400000000001
 -625.62
 -596
 -606.62
 -656.08
 -708.23
 -624.77
 -700.5599999999999
 -639.3
 -645.3200000000001
 -645.5599999999999
 -750.05
 -728.1900000000001
 -751.65
 -746.6
 -698.88
 -788.45
 -716.58
 -735.6900000000001
 -721.54
 -802.16
 -747.87
 -762.85
 -847.88
 -762.45
 -849.88
 -840.16
 -855.16
 -774.8200000000001
 -797.09
 -893.59
 -806.0599999999999
 -812.62
 -887.04
 -867.1799999999999
 -859.97
 -919.15
 -899.65
 -839.73
 -881.48
 -857.54
 -878.04
 -945.72
 -950.24
 -982.15
 -899.89
 -938.47
 -996.78
 -975.6900000000001
 -912.33
 -915.4299999999999
 -979.5700000000001
 -993.0599999999999
 -986.4400000000001
 -938.39
 -972.48
 -947.73
 -1015.19
 -965.33
 -1056.07
 -1048.47
 -1066.47
 -1007.9
 -976.6799999999999
 -1004.65
 -1027.82
 -990.5599999999999
 -991.73
 -1079.06
 -1085.56
 -1001.56
 -1049.52
 -1107.39
 -1047.85
 -1074.41
 -1102.24
 -1112.74
 -1027.52
 -1134.71
 -1028.69
 -1068.61
 -1041.45
 -1058.25
 -1066.72
 -1051.69
 -1069.43
 -1069.05
 -1149.34
 -1147.99
 -1133.26
 -1149.35
 -1148.85
 -1070.63
 -1106.38
 -1135.17
 -1061.7
 -1150.86
 -1158.78
 -1061.01
 -1094.05
 -1105.7
 -1157.55
 -1101.61
 -1057.04
 -1102.6
 -1148.59
 -1122.37
 -1113.03
 -1074.92
 -1145.13
 -1144.64
 -1060.91
 -1090.67
 -1150.03
 -1092.83
 -1114.73
 -1146.82
 -1136.76
 -1048.99
 -1077.71
 -1048.39
 -1033.56
 -1076.66
 -1106.75
 -1021.03
 -1119.73
 -1083.14
 -1046.79
 -1032.9
 -1049.96
 -1069.75
 -1031.25
 -1007.62
 -1009.16
 -994.0599999999999
 -997.15
 -1058.84
 -1071.81
 -1053.29
 -975.4299999999999
 -1058.28
 -991.7
 -1056.74
 -976.89
 -1010.26
 -960.65
 -1044.67
 -987.0599999999999
 -968.59
 -1022.08
 -1019.76
 -943.61
 -924.38
 -1001.5
 -944.33
 -892.89
 -885.12
 -978.66
 -873.5700000000001
 -964.1799999999999
 -936.39
 -918.48
 -852.7
 -898.0700000000001
 -853.8099999999999
 -910.8200000000001
 -825.77
 -854.34
 -907.53
 -901.02
 -901.78
 -882.4299999999999
 -824.5599999999999
 -811.45
 -868.51
 -842.1900000000001
 -765.53
 -804.17
 -829.23
 -735.99
 -748.52
 -737.08
 -724.52
 -717.84
 -797.3
 -785.3200000000001
 -734.17
 -675.53
 -696.67
 -726.5700000000001
 -671.9299999999999
 -664.13
 -733.6799999999999
 -709.26
 -697.6799999999999
 -629.25
 -616.24
 -657.4299999999999
 -704.21
 -666.5700000000001
 -622.29
 -576.25
 -580.85
 -632.9299999999999
 -612.15
 -583.63
 -579.13
 -609.61
 -570.16
 -542.05
 -611.72
 -569.4
 -594.8099999999999
 -511.31
 -561.9400000000001
 -576.67
 -571.15
 -472.59
 -467.3
 -512.88
 -443.33
 -476.16
 -454.07
 -428.42
 -500.65
 -415.84
 -488.89
 -478.47
 -383.72
 -394.86
 -386.9
 -457.1
 -366.47
 -452.26
 -444.16
 -442.05
 -330.93
 -429.79
 -338.92
 -404.79
 -380.73
 -393.95
 -307.83
 -400.07
 -332.15
 -372.95
 -304.09
 -365.88
 -282.79
 -354.39
 -250.19
 -345.97
 -312.53
 -283.21
 -236.64
 -279.06
 -238.27
 -315.12
 -212.44
 -213.11
 -206.16
 -217
 -291.78
 -222.73
 -182.17
 -280.86
 -279.86
 -254.59
 -265.77
 -162.01
 -225.05
 -251.99
 -196.95
 -212.75
 -174.34
 -231.27
 -222.33
 -222.53
 -131.45
 -117.27
 -131.2
 -109.32
 -110.02
 -179.38
 -183.79
 -174.97
 -167.41
 -100.99
 -105.34
 -96.81
 -150.91
 -137.3
 -76.53
 -151.72
 -165.85
 -140.83
 -111.95
 -156.1
 -154.76
 -126.7
 -62.99
 -102.11
 -146.05
 -134.54
 -74.18000000000001
 -55.97
 -46.81
 -35.89
 -60.23
 -121.82
 -128.69
 -120.5
 -115.42
 -49.91
 -12.12
 -99.19
 -16.09
 -76.8
 -18.83
 -57.23
 -18.4
 -94.87
 -2.770000000000003
 -52.78
 -23.52
 -89.59999999999999
 -79.31999999999999
 -91.47999999999999
 13.82
 -38.05
 -84.22
 1.289999999999999
 -52.91
 -87.77000000000001
 -1.039999999999999
 -16.62
 -77.89
 -83.16
 -21.71
 -16.12
 -71.06999999999999
 -21.58
 9.539999999999999
 -77.14
 21.45
 13.87
 -62.39
 28.65000000000001
 18.25
 -19.67
 -51.48
 -38.53
 -16.3
 -15.55
 -50.68
 29.87
 -40.66
 19.23
 33.56999999999999
 -55.33
 -67.81999999999999
 -48.58
 -56.37
 24.83
 20.17
 -53.91
 -59.61
 25.76000000000001
 -38.87
 0.4399999999999977
