# Created by Octave 3.8.2, Sun Dec 07 20:08:53 2014 EET <luoliangyi@localhost.localdomain>
# name: tyC
# type: matrix
# rows: 10000
# columns: 1
# The signal had multiple shifts and adjustments, other than the y-50 downward shift.
 -369.42
 -350.24
 -350.86
 -385.34
 -425.75
 -449.61
 -368.46
 -398.42
 -356.62
 -428.23
 -333.46
 -335.78
 -339.44
 -383.65
 -417.67
 -378.07
 -324.78
 -357.75
 -416
 -327.88
 -319.34
 -353.54
 -329.06
 -320.44
 -336.86
 -407.5
 -304.23
 -380.5
 -381.13
 -368.13
 -293
 -402.34
 -297.75
 -373.8
 -383.9
 -338.66
 -321.37
 -289.08
 -358.29
 -286.42
 -354.48
 -361
 -280.29
 -287
 -366.19
 -288.07
 -354.43
 -273.72
 -294.65
 -270.95
 -265.38
 -261.09
 -347.63
 -323.96
 -263.9
 -341.07
 -306.56
 -264.76
 -313.28
 -336.91
 -325.04
 -343.78
 -326.05
 -298.58
 -325.07
 -250.47
 -227.01
 -230.26
 -312.32
 -320.41
 -313.92
 -216.19
 -223.36
 -306.3
 -271.75
 -304.6
 -224.02
 -299.45
 -205.87
 -269.73
 -296.25
 -218.53
 -264.35
 -282.11
 -198.99
 -263.88
 -276.74
 -179.55
 -258.53
 -188.17
 -274.86
 -268.92
 -175
 -247.58
 -172.53
 -164.63
 -263.13
 -174.14
 -156.95
 -244.9
 -178.37
 -226.46
 -253.06
 -250.32
 -166.44
 -160.26
 -146.36
 -242.42
 -140.75
 -226.24
 -173.34
 -196.14
 -217
 -125.31
 -226.8
 -231.16
 -130.33
 -118.99
 -116.21
 -130.81
 -113.12
 -104.6
 -175.81
 -105.85
 -101.13
 -99.84
 -126
 -94.97999999999999
 -111.44
 -190.27
 -145.11
 -146.59
 -133.56
 -92.43000000000001
 -70.45
 -83.31999999999999
 -171.07
 -139.9
 -64.84999999999999
 -74.63
 -49.5
 -142.34
 -67.12
 -55.77
 -106.32
 -75.43000000000001
 -99.47999999999999
 -98.18000000000001
 -38.12
 -110.86
 -32.76000000000001
 -121.18
 -32.7
 -112.65
 -20.98
 -19.43
 -1.43
 -25.51
 -103.73
 -68.71000000000001
 -23.4
 -30.3
 -29.33
 -24.3
 -22.98
 -33.87
 15.76000000000001
 -69.98
 -74.86
 25.28
 25.06999999999999
 -40.74
 -17.98
 -9.899999999999999
 -20.97
 -49.71
 -31.45
 1.549999999999997
 59.68000000000001
 50.14
 6.640000000000001
 67.08
 13.43
 78.09999999999999
 83.34999999999999
 79.06
 79.80000000000001
 7.490000000000002
 89.59999999999999
 20.33
 12.48
 8.490000000000002
 12.97
 26.03
 77.22
 39.01000000000001
 94.28
 35.59
 56.36
 84.77000000000001
 86.75
 142.06
 92.31999999999999
 143.78
 154.22
 146.83
 148.54
 60.69
 61.08
 156.56
 162.82
 126.98
 153.08
 168.14
 95.03
 97.75999999999999
 104.92
 178.04
 189.34
 112.49
 98.90000000000001
 194.6
 190.23
 198.09
 187.85
 111.13
 152.21
 194.9
 187.59
 219.13
 225.61
 219.25
 128.95
 198.07
 185.81
 150.27
 231.99
 137.51
 149.4
 191.39
 243.85
 240.68
 211.8
 176.05
 265.05
 177.77
 252
 174.36
 268.49
 195.76
 271.22
 244.82
 206.18
 241.63
 206.66
 253.9
 199.24
 300.33
 203.51
 213.78
 228.93
 233.32
 283.88
 312.61
 263.31
 222.98
 261.62
 327.63
 258.82
 244.16
 236.9
 334.81
 297.93
 259.9
 278.25
 279.52
 349.21
 284.63
 333.7
 344.59
 285.54
 368.81
 361.21
 290.61
 365.76
 332.83
 304.34
 289.11
 287.55
 299.91
 301.26
 317.44
 379.61
 340.4
 405.03
 400.85
 399.32
 357.79
 404.63
 309.21
 379.21
 399.77
 347.73
 415.08
 398.92
 413.4
 416.85
 331.87
 421.36
 414.42
 411.57
 366.33
 386.98
 348.54
 365.49
 428.78
 362.35
 352.9
 389.69
 400.78
 446.07
 379.43
 382.06
 418.39
 443.7
 354.73
 356.94
 460.76
 363.96
 430.64
 412.13
 409.63
 454.6
 381.07
 425.12
 433.71
 407.38
 462.03
 468.96
 447.71
 396.58
 372.96
 414.68
 382.69
 390.79
 448.36
 375.78
 443.35
 384.67
 394.3
 382.24
 469.49
 368.94
 468.75
 383.27
 380.35
 396.51
 371.16
 401.87
 408.49
 467.79
 382.18
 374.05
 424.01
 367.11
 457.58
 379.36
 404.66
 464.17
 464.73
 379.78
 454.89
 368.69
 420.78
 375.26
 456.87
 355.41
 453.69
 449.96
 437.96
 350.6
 447.73
 447.51
 403.88
 451.33
 397.41
 349.69
 392.92
 352.9
 445.09
 412.59
 345.31
 436.1
 437.14
 433.43
 371.71
 424.4
 407.21
 337.07
 335.26
 399.46
 402.48
 323.71
 384.02
 416.12
 390.38
 373.56
 384.09
 402.25
 311.51
 302.17
 301.78
 321.28
 289.29
 400.33
 322.64
 371.75
 335.68
 306.04
 283.26
 351.82
 277.13
 311.15
 370.06
 310.83
 273.54
 371.42
 258.53
 298.34
 289.02
 343.33
 276.93
 307.59
 255.46
 257.08
 248.67
 336.22
 327.67
 323.62
 225.44
 319.07
 225.81
 243.65
 254.06
 230.39
 264.72
 221.46
 268.66
 284.78
 203.52
 241.54
 277.31
 293.47
 203.67
 241.63
 206.18
 244.82
 271.22
 195.76
 268.49
 174.36
 252
 177.77
 265.05
 176.05
 211.8
 240.68
 243.85
 191.39
 149.4
 137.51
 231.99
 150.27
 185.81
 198.07
 128.95
 219.25
 225.61
 219.13
 187.59
 194.9
 152.21
 111.13
 187.85
 198.09
 190.23
 194.6
 98.90000000000001
 112.49
 189.34
 178.04
 104.92
 97.75999999999999
 95.03
 168.14
 153.08
 126.98
 162.82
 156.56
 61.08
 60.69
 148.54
 146.83
 154.22
 143.78
 92.31999999999999
 142.06
 86.75
 84.77000000000001
 56.36
 35.59
 94.28
 39.01000000000001
 77.22
 26.03
 12.97
 8.490000000000002
 12.48
 20.33
 89.59999999999999
 7.490000000000002
 79.80000000000001
 79.06
 83.34999999999999
 78.09999999999999
 13.43
 67.08
 6.640000000000001
 50.14
 59.68000000000001
 1.549999999999997
 -31.45
 -49.71
 -20.97
 -9.899999999999999
 -17.98
 -40.74
 25.06999999999999
 25.28
 -74.86
 -69.98
 15.76000000000001
 -33.87
 -22.98
 -24.3
 -29.33
 -30.3
 -23.4
 -68.71000000000001
 -103.73
 -25.51
 -1.43
 -19.43
 -20.98
 -112.65
 -32.7
 -121.18
 -32.76000000000001
 -110.86
 -38.12
 -98.18000000000001
 -99.47999999999999
 -75.43000000000001
 -106.32
 -55.77
 -67.12
 -142.34
 -49.5
 -74.63
 -64.84999999999999
 -139.9
 -171.07
 -83.31999999999999
 -70.45
 -92.43000000000001
 -133.56
 -146.59
 -145.11
 -190.27
 -111.44
 -94.97999999999999
 -126
 -99.84
 -101.13
 -105.85
 -175.81
 -104.6
 -113.12
 -130.81
 -116.21
 -118.99
 -130.33
 -231.16
 -226.8
 -125.31
 -217
 -196.14
 -173.34
 -226.24
 -140.75
 -242.42
 -146.36
 -160.26
 -166.44
 -250.32
 -253.06
 -226.46
 -178.37
 -244.9
 -156.95
 -174.14
 -263.13
 -164.63
 -172.53
 -247.58
 -175
 -268.92
 -274.86
 -188.17
 -258.53
 -179.55
 -276.74
 -263.88
 -198.99
 -282.11
 -264.35
 -218.53
 -296.25
 -269.73
 -205.87
 -299.45
 -224.02
 -304.6
 -271.75
 -306.3
 -223.36
 -216.19
 -313.92
 -320.41
 -312.32
 -230.26
 -227.01
 -250.47
 -325.07
 -298.58
 -326.05
 -343.78
 -325.04
 -336.91
 -313.28
 -264.76
 -306.56
 -341.07
 -263.9
 -323.96
 -347.63
 -261.09
 -265.38
 -270.95
 -294.65
 -273.72
 -354.43
 -288.07
 -366.19
 -287
 -280.29
 -361
 -354.48
 -286.42
 -358.29
 -289.08
 -321.37
 -338.66
 -383.9
 -373.8
 -297.75
 -402.34
 -293
 -368.13
 -381.13
 -380.5
 -304.23
 -407.5
 -336.86
 -320.44
 -329.06
 -353.54
 -319.34
 -327.88
 -416
 -357.75
 -324.78
 -378.07
 -417.67
 -383.65
 -339.44
 -335.78
 -333.46
 -428.23
 -356.62
 -398.42
 -368.46
 -449.61
 -425.75
 -385.34
 -350.86
 -350.24
 -369.42
 -389.97
 -353.69
 -396.77
 -443.83
 -444.65
 -348.37
 -387.72
 -374.33
 -420.03
 -452.4
 -368.64
 -430.92
 -458.7
 -370.18
 -372.88
 -429.42
 -447.99
 -376.59
 -383.28
 -451.67
 -402.68
 -424.35
 -415.14
 -363.24
 -407.19
 -463.6
 -375.38
 -380.8
 -368.04
 -370.45
 -463.83
 -371.51
 -445.77
 -473.33
 -377.32
 -463.3
 -387.29
 -466.68
 -428.81
 -427.22
 -378.34
 -384.03
 -439.32
 -375.53
 -443.09
 -375.24
 -457.67
 -392.58
 -376.09
 -445.26
 -391.64
 -452.11
 -382.37
 -362.11
 -403.75
 -401.73
 -458.87
 -441.6
 -384.29
 -372.3
 -403.17
 -454.87
 -427.41
 -391.42
 -406.78
 -364.4
 -382.22
 -365.36
 -409.6
 -423.88
 -367.99
 -427.2
 -399.27
 -429.44
 -437.86
 -431.35
 -387.39
 -440.74
 -426.27
 -359.48
 -410.35
 -339.26
 -353.52
 -442.54
 -349.61
 -329.58
 -379.25
 -341.16
 -397.11
 -366.29
 -395.54
 -353.38
 -317.48
 -407.55
 -397.84
 -363.6
 -357.71
 -387.4
 -316.92
 -313.32
 -347.04
 -341.12
 -301.16
 -302.54
 -391.78
 -301.89
 -391.78
 -359.68
 -297.84
 -287.86
 -307.64
 -360.17
 -274.29
 -336.41
 -379.72
 -346.29
 -310.01
 -362.82
 -365.01
 -350.99
 -346.25
 -294.04
 -353.73
 -299.04
 -263.35
 -265.19
 -341.9
 -297.8
 -282.12
 -336.45
 -312.69
 -267.55
 -325.68
 -295.75
 -318.73
 -248.49
 -320.97
 -332.89
 -298.78
 -221.76
 -316.45
 -307.45
 -231.15
 -265.75
 -210.79
 -308.31
 -270.22
 -206.05
 -305.83
 -251.55
 -206.11
 -197.38
 -219.3
 -242.18
 -285.84
 -190.76
 -288.2
 -203.34
 -193.29
 -279.33
 -178.74
 -258.6
 -254.97
 -218.69
 -224.17
 -253.61
 -194.99
 -181.2
 -269.22
 -258.5
 -254.86
 -207.31
 -253.16
 -196.47
 -194.13
 -172.44
 -149.55
 -177.98
 -201.8
 -138.97
 -149.04
 -200.03
 -187.62
 -231.62
 -232.86
 -144.94
 -225.45
 -171.73
 -149.24
 -145.23
 -208.35
 -191.54
 -159.9
 -133.25
 -124.34
 -129.46
 -126.98
 -205.54
 -203.74
 -163.03
 -118.53
 -186.49
 -95.15000000000001
 -97.72
 -190.21
 -182.67
 -163.93
 -109.6
 -86.12
 -162.37
 -176.11
 -100.21
 -174.94
 -135.32
 -98.44
 -77.3
 -144.91
 -158.36
 -118.71
 -167.07
 -83.31
 -54.99
 -154.75
 -99.02000000000001
 -133.69
 -85.87
 -130.76
 -60.51
 -75.75
 -112.2
 -33.02
 -115.55
 -57.38
 -16.42
 -103.49
 -4.93
 -75.48999999999999
 -73.12
 -9.560000000000002
 -76.19
 -76.44
 -55.47
 -74.48999999999999
 -98.56999999999999
 -80.56999999999999
 -79.02
 12.65
 -67.3
 21.18000000000001
 -67.23999999999999
 10.86
 -61.88
 -1.82
 -0.5200000000000031
 -24.57
 6.32
 -44.23
 -32.88
 42.34
 -50.5
 -25.37
 -35.15
 39.90000000000001
 71.06999999999999
 -16.68
 -29.55
 -7.57
 33.56
 46.59
 45.11
 90.27000000000001
 11.44
 -5.020000000000003
 26
 -0.1599999999999966
 1.130000000000003
 5.850000000000001
 75.81
 4.600000000000001
 13.12
 30.81
 16.20999999999999
 18.98999999999999
 30.33
 131.16
 126.8
 25.31
 117
 96.13999999999999
 73.34
 126.24
 40.75
 142.42
 46.36
 60.26000000000001
 66.44
 150.32
 153.06
 126.46
 78.37
 144.9
 56.95
 74.14
 163.13
 64.63
 72.53
 147.58
 75
 168.92
 174.86
 88.16999999999999
 158.53
 79.55000000000001
 176.74
 163.88
 98.99000000000001
 182.11
 164.35
 118.53
 196.25
 169.73
 105.87
 199.45
 124.02
 204.6
 171.75
 206.3
 123.36
 116.19
 213.92
 220.41
 212.32
 130.26
 127.01
 150.47
 225.07
 198.58
 226.05
 243.78
 225.04
 236.91
 213.28
 164.76
 206.56
 241.07
 163.9
 223.96
 247.63
 161.09
 165.38
 170.95
 194.65
 173.72
 254.43
 188.07
 266.19
 187
 180.29
 261
 254.48
 186.42
 258.29
 189.08
 221.37
 238.66
 283.9
 273.8
 197.75
 302.34
 193
 268.13
 281.13
 280.5
 204.23
 307.5
 236.86
 220.44
 229.06
 253.54
 219.34
 227.88
 316
 257.75
 224.78
 278.07
 317.67
 283.65
 239.44
 235.78
 233.46
 328.23
 256.62
 298.42
 268.46
 349.61
 325.75
 285.34
 250.86
 250.24
 269.42
 289.97
 253.69
 296.77
 343.83
 344.65
 248.37
 287.72
 274.33
 320.03
 352.4
 268.64
 330.92
 358.7
 270.18
 272.88
 329.42
 347.99
 276.59
 283.28
 351.67
 302.68
 324.35
 315.14
 263.24
 307.19
 363.6
 275.38
 280.8
 268.04
 270.45
 363.83
 271.51
 345.77
 373.33
 277.32
 363.3
 287.29
 366.68
 328.81
 327.22
 278.34
 284.03
 339.32
 275.53
 343.09
 275.24
 357.67
 292.58
 276.09
 345.26
 291.64
 352.11
 282.37
 262.11
 303.75
 301.73
 358.87
 341.6
 284.29
 272.3
 303.17
 354.87
 327.41
 291.42
 306.78
 264.4
 282.22
 265.36
 309.6
 323.88
 267.99
 327.2
 299.27
 329.44
 337.86
 331.35
 287.39
 340.74
 326.27
 259.48
 310.35
 239.26
 253.52
 342.54
 249.61
 229.58
 279.25
 241.16
 297.11
 266.29
 295.54
 253.38
 217.48
 307.55
 297.84
 263.6
 257.71
 287.4
 216.92
 213.32
 247.04
 241.12
 201.16
 202.54
 291.78
 201.89
 291.78
 259.68
 197.84
 187.86
 207.64
 260.17
 174.29
 236.41
 279.72
 246.29
 210.01
 262.82
 265.01
 250.99
 246.25
 194.04
 253.73
 199.04
 163.35
 165.19
 241.9
 197.8
 182.12
 236.45
 212.69
 167.55
 225.68
 195.75
 218.73
 148.49
 220.97
 232.89
 198.78
 121.76
 216.45
 207.45
 131.15
 165.75
 110.79
 208.31
 170.22
 106.05
 205.83
 151.55
 106.11
 97.38
 119.3
 142.18
 185.84
 90.75999999999999
 188.2
 103.34
 93.28999999999999
 179.33
 78.74000000000001
 158.6
 154.97
 118.69
 124.17
 153.61
 94.99000000000001
 81.19999999999999
 169.22
 158.5
 154.86
 107.31
 153.16
 96.47
 94.13
 72.44
 49.55
 77.98
 101.8
 38.97
 49.04000000000001
 100.03
 87.62
 131.62
 132.86
 44.94
 125.45
 71.73
 49.23999999999999
 45.23
 108.35
 91.53999999999999
 59.90000000000001
 33.25
 24.34
 29.45999999999999
 26.98
 105.54
 103.74
 63.03
 18.53
 86.49000000000001
 -4.850000000000001
 -2.280000000000001
 90.21000000000001
 82.66999999999999
 63.93000000000001
 9.600000000000001
 -13.88
 62.37
 76.11
 0.2100000000000009
 74.94
 35.31999999999999
 -1.560000000000002
 -22.7
 44.91
 58.36
 18.70999999999999
 67.06999999999999
 -16.69
 -45.01
 54.75
 -0.9799999999999969
 33.69
 -14.13
 30.76000000000001
 -39.49
 -24.25
 12.2
 -66.98
 15.55
 -42.62
 -83.58
 3.490000000000002
 -95.06999999999999
 -24.51
 -26.88
 -90.44
 -23.81
 -23.56
 -44.53
 -50.01
 -86.06999999999999
 -101.46
 -71.75
 -61.27
 -15.69
 -93.38
 -105.72
 -79.03
 -81.7
 -108.87
 -18.46
 -116.16
 -68.84
 -52.63
 -27.83
 -125.69
 -129.8
 -30.42
 -34.35
 -46.46
 -141.96
 -65.37
 -141.33
 -140.83
 -78.59999999999999
 -56.79
 -55.41
 -116.87
 -147.53
 -72.52
 -72.87
 -132.36
 -83.72
 -166.98
 -74.3
 -71.48
 -67.97
 -178.81
 -116.27
 -125.23
 -156.18
 -81.64
 -89.06
 -119.83
 -180.62
 -116.86
 -182.64
 -113.36
 -108.4
 -191.32
 -89.99000000000001
 -177.69
 -93.67
 -98.56
 -191.8
 -183.67
 -126.83
 -103.44
 -180
 -111.84
 -186.18
 -111.5
 -210.44
 -171.22
 -125.46
 -143.16
 -136.59
 -116.64
 -133.34
 -218.73
 -125.96
 -201.07
 -120.75
 -184.13
 -218.8
 -116.35
 -179.77
 -122.58
 -182.64
 -215.72
 -220.35
 -158.28
 -131.88
 -188.36
 -138.56
 -140.54
 -141.8
 -149.74
 -179.17
 -139.64
 -222.07
 -158.27
 -148.89
 -150.12
 -183.36
 -203.72
 -250.09
 -218.82
 -181.68
 -248.45
 -254.16
 -154.86
 -190.06
 -169.93
 -267.41
 -207.8
 -252.18
 -189.63
 -205.65
 -168.41
 -179.41
 -183.17
 -270.5
 -223.15
 -226.15
 -279.65
 -218.67
 -274.23
 -268.36
 -212.8
 -193.6
 -186.56
 -214.14
 -196.18
 -235.79
 -258.92
 -195.39
 -287.51
 -201.35
 -213.74
 -210.98
 -298.35
 -286.87
 -212.14
 -205.55
 -306.16
 -195.22
 -216
 -297.36
 -308.96
 -314.41
 -262.8
 -217.44
 -319.2
 -313.01
 -308.18
 -252.18
 -308.8
 -319.14
 -221.97
 -309.73
 -277.3
 -273.84
 -236.86
 -229.19
 -225.75
 -274.97
 -312.34
 -305.87
 -323.75
 -334.35
 -260.93
 -260.51
 -252.19
 -321.36
 -318.67
 -260.71
 -332.01
 -235.7
 -334.15
 -273.09
 -265.56
 -330.84
 -249.09
 -266.3
 -352.55
 -279.57
 -275.35
 -342.77
 -336.68
 -262.77
 -354.12
 -305.29
 -254.5
 -290.09
 -300.31
 -348.84
 -255.97
 -302.56
 -320.07
 -351.66
 -292.14
 -354.51
 -261.73
 -276.91
 -352.74
 -302.4
 -269.28
 -280.39
 -265.33
 -259.91
 -277.58
 -256.39
 -364.46
 -303.58
 -358.01
 -355.77
 -267.12
 -353.25
 -334.52
 -290.48
 -264.85
 -255.26
 -276.57
 -348.38
 -349.94
 -261.8
 -258.65
 -256.72
 -356.89
 -289.97
 -253.66
 -272.57
 -341.03
 -350.56
 -350.92
 -287.92
 -352.95
 -287.79
 -327.78
 -346.58
 -295.09
 -333.73
 -271.26
 -270.65
 -343.6
 -253.57
 -246.29
 -255.35
 -309.66
 -345.05
 -244.9
 -257.06
 -337.5
 -341.43
 -312.87
 -279.87
 -299.1
 -272.16
 -325
 -242.37
 -261.84
 -237.47
 -341.98
 -332.61
 -295.8
 -236.34
 -245.55
 -232.89
 -229.25
 -276.81
 -230.18
 -309.81
 -234.4
 -272.05
 -229.96
 -225.82
 -261.13
 -238.54
 -314.57
 -237.41
 -265.31
 -222.75
 -242.39
 -290.83
 -219.41
 -211.48
 -304.49
 -203.04
 -209.26
 -277.24
 -231.37
 -281.28
 -208.71
 -251.29
 -222.81
 -219.76
 -194.17
 -198.61
 -289.42
 -205.61
 -248.22
 -258.94
 -234.63
 -214.29
 -280.38
 -190.89
 -284.05
 -232.34
 -215.09
 -259.62
 -176.12
 -228.44
 -189.7
 -213.85
 -222.61
 -185.63
 -166.73
 -182.84
 -265.42
 -172.56
 -184.02
 -256.58
 -237.72
 -156.47
 -203.22
 -174.68
 -197.12
 -248.62
 -220.84
 -168.13
 -248.27
 -167.58
 -166.95
 -155.42
 -236.75
 -186.85
 -135.69
 -161.51
 -238.92
 -202.59
 -158.28
 -231.66
 -212.85
 -168.3
 -232.69
 -223.05
 -124.09
 -222
 -155.2
 -220.41
 -213.38
 -135.97
 -113.97
 -118.12
 -191.6
 -190.02
 -149.81
 -184.38
 -209.71
 -164.43
 -146.13
 -142.72
 -155.39
 -107.26
 -197.91
 -174.83
 -201.04
 -137.08
 -102.59
 -145.78
 -149.98
 -156.63
 -119.32
 -89.25999999999999
 -103.06
 -183.16
 -106.47
 -171.94
 -184.91
 -158.61
 -135.35
 -117.71
 -90.78
 -184.69
 -91.28999999999999
 -174.93
 -181.81
 -171.36
 -160.73
 -97.03999999999999
 -170.24
 -65.03
 -134.42
 -164.86
 -161.64
 -162.55
 -115.44
 -71.42
 -121.23
 -161.03
 -155.98
 -153.82
 -56.52
 -121.15
 -55.72
 -151.17
 -76.98
 -86.90000000000001
 -77.98999999999999
 -84.49000000000001
 -82.88
 -143.11
 -74.06
 -142.54
 -68.5
 -136.55
 -41.76
 -138.37
 -126
 -54.03
 -101.37
 -102.95
 -42.46
 -93.68000000000001
 -109.64
 -34.11
 -65.3
 -120.33
 -105.8
 -23.16
 -113
 -103.88
 -110.39
 -29.58
 -15.27
 -0.6000000000000014
 -63.08
 -84.13
 0.7999999999999972
 -68.73999999999999
 7.280000000000001
 -57.35
 4.960000000000001
 -52.06
 16.34999999999999
 12.8
 -77.27
 -79.86
 -47.37
 -72.17
 25.69
 29.8
 -69.58
 -65.65000000000001
 -53.54
 41.95999999999999
 -34.63
 41.33
 40.83
 -21.4
 -43.21
 -44.59
 16.87
 47.53
 -27.48
 -27.13
 32.36
 -16.28
 66.98
 -25.7
 -28.52
 -32.03
 78.81
 16.27
 25.23
 56.18000000000001
 -18.36
 -10.94
 19.83
 80.62
 16.86
 82.63999999999999
 13.36
 8.399999999999999
 91.31999999999999
 -10.01
 77.69
 -6.329999999999998
 -1.439999999999998
 91.80000000000001
 83.66999999999999
 26.83
 3.439999999999998
 80
 11.84
 86.18000000000001
 11.5
 110.44
 71.22
 25.45999999999999
 43.16
 36.59
 16.64
 33.34
 118.73
 25.95999999999999
 101.07
 20.75
 84.13
 118.8
 16.34999999999999
 79.77000000000001
 22.58
 82.63999999999999
 115.72
 120.35
 58.28
 31.88
 88.36000000000001
 38.56
 40.54000000000001
 41.8
 49.73999999999999
 79.16999999999999
 39.64
 122.07
 58.27
 48.89
 50.12
 83.36000000000001
 103.72
 150.09
 118.82
 81.68000000000001
 148.45
 154.16
 54.86
 90.06
 69.93000000000001
 167.41
 107.8
 152.18
 89.63
 105.65
 68.41
 79.41
 83.16999999999999
 170.5
 123.15
 126.15
 179.65
 118.67
 174.23
 168.36
 112.8
 93.59999999999999
 86.56
 114.14
 96.18000000000001
 135.79
 158.92
 95.38999999999999
 187.51
 101.35
 113.74
 110.98
 198.35
 186.87
 112.14
 105.55
 206.16
 95.22
 116
 197.36
 208.96
 214.41
 162.8
 117.44
 219.2
 213.01
 208.18
 152.18
 208.8
 219.14
 121.97
 209.73
 177.3
 173.84
 136.86
 129.19
 125.75
 174.97
 212.34
 205.87
 223.75
 234.35
 160.93
 160.51
 152.19
 221.36
 218.67
 160.71
 232.01
 135.7
 234.15
 173.09
 165.56
 230.84
 149.09
 166.3
 252.55
 179.57
 175.35
 242.77
 236.68
 162.77
 254.12
 205.29
 154.5
 190.09
 200.31
 248.84
 155.97
 202.56
 220.07
 251.66
 192.14
 254.51
 161.73
 176.91
 252.74
 202.4
 169.28
 180.39
 165.33
 159.91
 177.58
 156.39
 264.46
 203.58
 258.01
 255.77
 167.12
 253.25
 234.52
 190.48
 164.85
 155.26
 176.57
 248.38
 249.94
 161.8
 158.65
 156.72
 256.89
 189.97
 153.66
 172.57
 241.03
 250.56
 250.92
 187.92
 252.95
 187.79
 227.78
 246.58
 195.09
 233.73
 171.26
 170.65
 243.6
 153.57
 146.29
 155.35
 209.66
 245.05
 144.9
 157.06
 237.5
 241.43
 212.87
 179.87
 199.1
 172.16
 225
 142.37
 161.84
 137.47
 241.98
 232.61
 195.8
 136.34
 145.55
 132.89
 129.25
 176.81
 130.18
 209.81
 134.4
 172.05
 129.96
 125.82
 161.13
 138.54
 214.57
 137.41
 165.31
 122.75
 142.39
 190.83
 119.41
 111.48
 204.49
 103.04
 109.26
 177.24
 131.37
 181.28
 108.71
 151.29
 122.81
 119.76
 94.16999999999999
 98.61000000000001
 189.42
 105.61
 148.22
 158.94
 134.63
 114.29
 180.38
 90.88999999999999
 184.05
 132.34
 115.09
 159.62
 76.12
 128.44
 89.69999999999999
 113.85
 122.61
 85.63
 66.73
 82.84
 165.42
 72.56
 84.02000000000001
 156.58
 137.72
 56.47
 103.22
 74.68000000000001
 97.12
 148.62
 120.84
 68.13
 148.27
 67.58
 66.95
 55.42
 136.75
 86.84999999999999
 35.69
 61.51000000000001
 138.92
 102.59
 58.28
 131.66
 112.85
 68.3
 132.69
 123.05
 24.09
 122
 55.2
 120.41
 113.38
 35.97
 13.97
 18.12
 91.59999999999999
 90.02000000000001
 49.81
 84.38
 109.71
 64.43000000000001
 46.13
 42.72
 55.39
 7.259999999999998
 97.91
 74.83
 101.04
 37.08
 2.590000000000003
 45.78
 49.98
 56.63
 19.31999999999999
 -10.74
 3.060000000000002
 83.16
 6.469999999999999
 71.94
 84.91
 58.61
 35.34999999999999
 17.70999999999999
 -9.219999999999999
 84.69
 -8.710000000000001
 74.93000000000001
 81.81
 71.36
 60.73
 -2.960000000000001
 70.23999999999999
 -34.97
 34.42
 64.86
 61.64
 62.55
 15.44
 -28.58
 21.23
 61.03
 55.98
 53.81999999999999
 -43.48
 21.15000000000001
 -44.28
 51.17
 -23.02
 -13.1
 -22.01
 -15.51
 -17.12
 43.11
 -25.94
 42.54000000000001
 -31.5
 36.55
 -58.24
 38.37
 26
 -45.97
 1.369999999999997
 2.950000000000003
 -57.54
 -6.32
 9.640000000000001
 -65.89
 -34.7
 20.33
 5.799999999999997
 -76.84
 13
 3.880000000000003
 10.39
 -70.42
 -84.72999999999999
 -99.40000000000001
 -36.92
 -15.87
 -100.8
 -31.26
 -107.28
 -42.65
 -104.96
 -47.94
 -116.35
 -112.8
 -22.73
 -20.14
 -93.71000000000001
 -33.68
 -100.14
 -68.08
 -54.8
 -35.06
 -8.020000000000003
 -84.62
 -98
 -61.81
 -74.81
 -39.2
 -96.09999999999999
 -12.85
 -107.76
 -50.3
 -115.5
 -30.45
 -23.12
 -116.25
 -112.56
 -44.1
 -21.81
 -122.56
 -119.98
 -111.4
 -46.63
 -21
 -120.48
 -121
 -26.69
 -48.04
 -112.7
 -40.37
 -35.66
 -36.87
 -39.27
 -35.01
 -48.48
 -93.11
 -141.52
 -74.87
 -129.51
 -95.69
 -141.29
 -112.54
 -59.72
 -90.75
 -110.59
 -60.69
 -149.73
 -121.53
 -142.96
 -157.04
 -155.2
 -51.6
 -52.39
 -123.18
 -97.3
 -75.18000000000001
 -127.3
 -157.43
 -84.36
 -97.63
 -104.72
 -77.2
 -164.67
 -165.15
 -157.77
 -100.17
 -73.56999999999999
 -159.45
 -61.34
 -159.17
 -67.31999999999999
 -164.18
 -145.05
 -69.94
 -73.7
 -117.5
 -164.52
 -180.55
 -175.07
 -143.49
 -158.37
 -171.21
 -137
 -127.5
 -79.81999999999999
 -151.42
 -176.84
 -89.56
 -87.09999999999999
 -151.31
 -113.56
 -94.66
 -172.76
 -178.71
 -120.69
 -143.2
 -167.03
 -186.02
 -130.03
 -167.46
 -118.59
 -143.45
 -181.07
 -99.52000000000001
 -181.69
 -164.7
 -193.62
 -92.74000000000001
 -90.63
 -123.75
 -108.17
 -137.65
 -101.42
 -95.88
 -198.3
 -118.86
 -92.96000000000001
 -98.74000000000001
 -134.61
 -124.76
 -195.88
 -199.66
 -102.34
 -203.83
 -189.09
 -102.63
 -149.59
 -161.94
 -195.68
 -113.06
 -101.91
 -200.77
 -179.3
 -169.31
 -203.53
 -103.82
 -204.36
 -167.05
 -206.81
 -202.48
 -172.23
 -184.86
 -215.88
 -200.41
 -206.37
 -223.15
 -126.26
 -164.59
 -121.93
 -188.77
 -123.04
 -118.87
 -217.16
 -124.03
 -127.69
 -166.87
 -180.48
 -207.94
 -164.52
 -134.74
 -128.84
 -144.59
 -218
 -122.99
 -124.51
 -197.04
 -126.23
 -140.07
 -129
 -215.2
 -193.58
 -224.24
 -138.22
 -224.85
 -151.95
 -204.56
 -144.26
 -149.34
 -161.07
 -229.17
 -183.22
 -226.31
 -135.01
 -134.64
 -154.4
 -150.71
 -140.18
 -206.45
 -138.58
 -185.59
 -219.37
 -131.5
 -153.09
 -141.47
 -229.21
 -242.84
 -211
 -168.36
 -216.6
 -172.09
 -174.53
 -136.2
 -160.92
 -215.52
 -225.14
 -239.37
 -171.68
 -191.22
 -149.56
 -223.1
 -128.36
 -229.65
 -140.77
 -219.92
 -235.83
 -140.79
 -224.46
 -149.79
 -225.39
 -147.61
 -221.14
 -225.94
 -205.07
 -217.29
 -133.75
 -233.94
 -160.62
 -233.95
 -178.53
 -128.82
 -234.05
 -225.95
 -173.88
 -146.79
 -204.04
 -175.15
 -138.14
 -223.11
 -188.7
 -143.06
 -132.74
 -231.24
 -135.15
 -236.15
 -228.87
 -188.58
 -162.38
 -130.38
 -167.42
 -191.67
 -206.61
 -184.94
 -202.43
 -250.89
 -141.85
 -136.38
 -236.22
 -175.04
 -222.27
 -208.37
 -144.92
 -221.47
 -221.64
 -161.27
 -217.88
 -228.03
 -163.67
 -167.93
 -135.68
 -170.67
 -179.32
 -122.86
 -184.67
 -220.04
 -214.8
 -127.22
 -188.36
 -122.04
 -213.98
 -136.38
 -120.54
 -203.44
 -220.17
 -156.63
 -125.74
 -210.38
 -218.12
 -174.75
 -178.38
 -215.9
 -143.25
 -136.33
 -161.29
 -157.49
 -179.11
 -122.22
 -197.86
 -205.62
 -163.92
 -202.26
 -127.68
 -162.04
 -120.28
 -193.97
 -143.9
 -174.29
 -192.55
 -136.98
 -119.58
 -187.87
 -149.85
 -186.59
 -172.46
 -199.93
 -200.93
 -115.73
 -194.8
 -181.22
 -100.91
 -124.08
 -183.14
 -189.27
 -168.46
 -102.55
 -139.13
 -92.49000000000001
 -200.85
 -163.35
 -127.05
 -192.24
 -192.06
 -131.15
 -153.1
 -188.9
 -91.5
 -185.99
 -120.59
 -141.41
 -180.2
 -161.62
 -83.83
 -98.59999999999999
 -172.81
 -141.42
 -176.72
 -174.45
 -135.55
 -177.86
 -167.59
 -86.97
 -169.72
 -177.48
 -79.7
 -125
 -97.09
 -176.6
 -112.9
 -133.9
 -177.8
 -94.42
 -87.46000000000001
 -179.4
 -163.64
 -102.33
 -104.65
 -100.56
 -169.16
 -165.49
 -102.26
 -164.98
 -76.18000000000001
 -78.18000000000001
 -82.75999999999999
 -171.99
 -158.47
 -75.36
 -132.36
 -71.47
 -156.55
 -117.62
 -143.57
 -164.6
 -98.28
 -65.77
 -166.26
 -68.73
 -71.90000000000001
 -151.08
 -114.62
 -118.08
 -140.43
 -160.14
 -90.59999999999999
 -80.27
 -64.12
 -150.03
 -52.63
 -138.53
 -82.66
 -88.42
 -155.75
 -163
 -144.1
 -150.86
 -134.66
 -148.87
 -65.93000000000001
 -79.5
 -139.14
 -112.99
 -83.06
 -147.68
 -63.99
 -92.92
 -131.36
 -149.39
 -143.12
 -49.49
 -141.42
 -64.69
 -57.45
 -136.02
 -51.89
 -139.71
 -52.21
 -56.78
 -98.64
 -39.18
 -111.44
 -43.41
 -103.79
 -106.74
 -102.87
 -80.06999999999999
 -125.78
 -75.45
 -110.28
 -39.55
 -57.68
 -99.46000000000001
 -127.42
 -34.38
 -44.44
 -89.97999999999999
 -29.59
 -94.99000000000001
 -117.29
 -49
 -36.02
 -109.03
 -108.45
 -109.16
 -12.47
 -105.98
 -27.96
 -57.76
 -79.91
 -122.46
 -28.06
 -9.359999999999999
 -73.46000000000001
 -111.08
 -14.13
 -101.21
 -18.37
 -16.48
 -26.79
 -18.92
 -63.15
 -64.09
 -69.58
 -44.06
 -90.06
 -105.37
 -11.11
 -99.78
 2.520000000000003
 -15.47
 -22.38
 -7.859999999999999
 -45.2
 -64.94
 -91.97999999999999
 -15.38
 -2
 -38.19
 -25.19
 -60.8
 -3.899999999999999
 -87.15000000000001
 7.759999999999998
 -49.7
 15.5
 -69.55
 -76.88
 16.25
 12.56
 -55.9
 -78.19
 22.56
 19.98
 11.4
 -53.37
 -79
 20.48
 21
 -73.31
 -51.96
 12.7
 -59.63
 -64.34
 -63.13
 -60.73
 -64.98999999999999
 -51.52
 -6.890000000000001
 41.52
 -25.13
 29.51000000000001
 -4.310000000000002
 41.29000000000001
 12.54
 -40.28
 -9.25
 10.59
 -39.31
 49.73
 21.53
 42.95999999999999
 57.04000000000001
 55.2
 -48.4
 -47.61
 23.18000000000001
 -2.700000000000003
 -24.82
 27.3
 57.43000000000001
 -15.64
 -2.369999999999997
 4.719999999999999
 -22.8
 64.67
 65.15000000000001
 57.77
 0.1700000000000017
 -26.43
 59.45
 -38.66
 59.17
 -32.68
 64.18000000000001
 45.05
 -30.06
 -26.3
 17.5
 64.52
 80.55000000000001
 75.06999999999999
 43.48999999999999
 58.37
 71.20999999999999
 37
 27.5
 -20.18
 51.42
 76.84
 -10.44
 -12.9
 51.31
 13.56
 -5.340000000000003
 72.76000000000001
 78.71000000000001
 20.69
 43.2
 67.03
 86.02000000000001
 30.03
 67.45999999999999
 18.59
 43.45
 81.06999999999999
 -0.4799999999999969
 81.69
 64.7
 93.62
 -7.259999999999998
 -9.369999999999997
 23.75
 8.170000000000002
 37.65000000000001
 1.420000000000002
 -4.119999999999997
 98.30000000000001
 18.86
 -7.039999999999999
 -1.259999999999998
 34.61
 24.76000000000001
 95.88
 99.66
 2.340000000000003
 103.83
 89.09
 2.630000000000003
 49.59
 61.94
 95.68000000000001
 13.06
 1.909999999999997
 100.77
 79.30000000000001
 69.31
 103.53
 3.82
 104.36
 67.05
 106.81
 102.48
 72.23
 84.86000000000001
 115.88
 100.41
 106.37
 123.15
 26.26000000000001
 64.59
 21.93000000000001
 88.77000000000001
 23.04000000000001
 18.87
 117.16
 24.03
 27.69
 66.87
 80.47999999999999
 107.94
 64.52
 34.73999999999999
 28.84
 44.59
 118
 22.98999999999999
 24.51000000000001
 97.03999999999999
 26.23
 40.06999999999999
 29
 115.2
 93.58000000000001
 124.24
 38.22
 124.85
 51.95
 104.56
 44.26000000000001
 49.34
 61.06999999999999
 129.17
 83.22
 126.31
 35.01000000000001
 34.64
 54.40000000000001
 50.70999999999999
 40.18000000000001
 106.45
 38.58
 85.59
 119.37
 31.5
 53.09
 41.47
 129.21
 142.84
 111
 68.36
 116.6
 72.09
 74.53
 36.2
 60.92
 115.52
 125.14
 139.37
 71.68000000000001
 91.22
 49.56
 123.1
 28.36
 129.65
 40.77
 119.92
 135.83
 40.79000000000001
 124.46
 49.79000000000001
 125.39
 47.61
 121.14
 125.94
 105.07
 117.29
 33.75
 133.94
 60.62
 133.95
 78.53
 28.81999999999999
 134.05
 125.95
 73.88
 46.79000000000001
 104.04
 75.15000000000001
 38.14
 123.11
 88.69999999999999
 43.06
 32.73999999999999
 131.24
 35.15000000000001
 136.15
 128.87
 88.58000000000001
 62.38
 30.38
 67.42
 91.66999999999999
 106.61
 84.94
 102.43
 150.89
 41.84999999999999
 36.38
 136.22
 75.04000000000001
 122.27
 108.37
 44.92
 121.47
 121.64
 61.27
 117.88
 128.03
 63.67
 67.93000000000001
 35.68000000000001
 70.67
 79.31999999999999
 22.86
 84.66999999999999
 120.04
 114.8
 27.22
 88.36000000000001
 22.04000000000001
 113.98
 36.38
 20.54000000000001
 103.44
 120.17
 56.63
 25.73999999999999
 110.38
 118.12
 74.75
 78.38
 115.9
 43.25
 36.33
 61.29000000000001
 57.48999999999999
 79.11000000000001
 22.22
 97.86000000000001
 105.62
 63.92
 102.26
 27.68000000000001
 62.04000000000001
 20.28
 93.97
 43.90000000000001
 74.29000000000001
 92.55000000000001
 36.98
 19.58
 87.87
 49.84999999999999
 86.59
 72.45999999999999
 99.93000000000001
 100.93
 15.73
 94.80000000000001
 81.22
 0.9099999999999966
 24.08
 83.13999999999999
 89.27000000000001
 68.45999999999999
 2.549999999999997
 39.13
 -7.509999999999998
 100.85
 63.34999999999999
 27.05
 92.24000000000001
 92.06
 31.15000000000001
 53.09999999999999
 88.90000000000001
 -8.5
 85.99000000000001
 20.59
 41.41
 80.19999999999999
 61.62
 -16.17
 -1.399999999999999
 72.81
 41.42
 76.72
 74.45
 35.55
 77.86
 67.59
 -13.03
 69.72
 77.48
 -20.3
 25
 -2.909999999999997
 76.59999999999999
 12.9
 33.90000000000001
 77.8
 -5.579999999999998
 -12.54
 79.40000000000001
 63.64
 2.329999999999998
 4.649999999999999
 0.5600000000000023
 69.16
 65.48999999999999
 2.259999999999998
 64.98
 -23.82
 -21.82
 -17.24
 71.98999999999999
 58.47
 -24.64
 32.36
 -28.53
 56.55
 17.62
 43.56999999999999
 64.59999999999999
 -1.719999999999999
 -34.23
 66.26000000000001
 -31.27
 -28.1
 51.08
 14.62
 18.08
 40.43000000000001
 60.14
 -9.399999999999999
 -19.73
 -35.88
 50.03
 -47.37
 38.53
 -17.34
 -11.58
 55.75
 63
 44.09999999999999
 50.86
 34.66
 48.87
 -34.07
 -20.5
 39.14
 12.99
 -16.94
 47.68000000000001
 -36.01
 -7.079999999999998
 31.36
 49.39
 43.12
 -50.51
 41.42
 -35.31
 -42.55
 36.02
 -48.11
 39.70999999999999
 -47.79
 -43.22
 -1.359999999999999
 -60.82
 11.44
 -56.59
 3.789999999999999
 6.740000000000002
 2.869999999999997
 -19.93
 25.78
 -24.55
 10.28
 -60.45
 -42.32
 -0.5399999999999991
 27.42
 -65.62
 -55.56
 -10.02
 -70.41
 -5.009999999999998
 17.29000000000001
 -51
 -63.98
 9.030000000000001
 8.450000000000003
 9.159999999999997
 -87.53
 5.979999999999997
 -72.03999999999999
 -42.24
 -20.09
 22.45999999999999
 -71.94
 -90.64
 -26.54
 11.08
 -85.87
 1.210000000000001
 -81.63
 -83.52000000000001
 -73.21000000000001
 -81.08
 -36.85
 -35.91
 -30.42
 -55.94
 -9.939999999999998
 5.369999999999997
 -88.89
 -0.2199999999999989
 -102.52
 -84.53
 -77.62
 -92.14
 -3.549999999999997
 -17.47
 -2.659999999999997
 -41.21
 -87.43000000000001
 -66.56
 -77.83
 -85.72999999999999
 -8.479999999999997
 -26.78
 -107.92
 -113.29
 -41.66
 -118.82
 -26.78
 -31.43
 -24.52
 -70.43000000000001
 -118.99
 -54.12
 -97.45
 -19.11
 -37.89
 -95.75
 -31.69
 -52.55
 -101.67
 -23.04
 -30.4
 -20.46
 -32.89
 -24.49
 -50.35
 -26.83
 -85.28999999999999
 -112.05
 -103.95
 -36.74
 -122.56
 -86.63
 -21.12
 -21.48
 -78.34
 -112.23
 -81.83
 -114.64
 -112.61
 -107.56
 -102.59
 -14.82
 -57.21
 -85
 -49.78
 -80.96000000000001
 -63.26
 -62.08
 -25.96
 -80.06999999999999
 -58.18
 -96.3
 -18.24
 -104.63
 -4.549999999999997
 -36.08
 -109.75
 -22.04
 -23.92
 -75.47
 -110.33
 -43.62
 -99.71000000000001
 -92.14
 -16
 -22.15
 -99.47999999999999
 -41.38
 -10.18
 -73.76000000000001
 -42.41
 -52.6
 15.05
 -48.16
 3.390000000000001
 8.789999999999999
 -48.24
 3.469999999999999
 -95.45
 -92.95
 -94.14
 -53.03
 13.16
 2.07
 9.210000000000001
 -13.69
 -3.490000000000002
 -60.51
 13.94
 -1.630000000000003
 12.38
 20.09999999999999
 2.670000000000002
 21.37
 -61.6
 -42.69
 -75.96000000000001
 15.23
 -1.149999999999999
 15.76000000000001
 28.93000000000001
 -70.46000000000001
 -63.91
 -39.03
 17.34
 -55.58
 23.3
 16.94
 -61.17
 32.38
 19.67
 -16.77
 -57.03
 11.31
 25.84999999999999
 -65.89
 13.45
 4.57
 -35.23
 38.15000000000001
 -54.85
 -18.87
 -54.51
 -43.62
 -49.67
 -8.310000000000002
 -46.67
 -33.95
 32.27
 16.63
 32.19
 21.98999999999999
 -43.32
 -57.42
 4.509999999999998
 40.59
 -14.06
 -41.61
 35.8
 -47.83
 -31.67
 49.89
 47.84999999999999
 31.63
 -46.43
 50.26000000000001
 44.98999999999999
 48.45
 44.98999999999999
 -49.3
 -46.38
 -37.47
 -26.42
 47.2
 -42.54
 -38.1
 -47.14
 6.369999999999997
 34.23
 12.4
 -44.5
 35.62
 -31.01
 33.34
 -52.14
 -8.390000000000001
 -49.37
 -37.47
 -25.23
 9.450000000000003
 -11.77
 7.369999999999997
 -35.56
 11.53
 -55.95
 23.73
 2.420000000000002
 -16.18
 -25.51
 12.16
 -26.52
 -18.56
 -51.36
 33.39
 41
 -46.66
 18.27
 16.86
 -23.27
 15.94
 53.33
 52.77
 -5.280000000000001
 -4.460000000000001
 -45.72
 -50.9
 -11.45
 -34.6
 27.88
 53.3
 -46.27
 -35.17
 45.44
 42.36
 -51.49
 -37.62
 13.39
 -19.28
 23.47
 35.26000000000001
 27.81
 23.78
 -48.03
 -33.88
 39.26000000000001
 50.97
 37.95999999999999
 5.490000000000002
 -44.53
 -46.74
 -50.55
 47.95999999999999
 -8.109999999999999
 27.18000000000001
 -39.1
 19.08
 22.92
 19.34
 35.77
 35.31
 -34.54
 52.11
 -30.38
 -28.55
 44.29000000000001
 1.530000000000001
 -25.38
 49.68000000000001
 -38.51
 -33.08
 51.67
 -11.23
 -44.8
 11.88
 -53.17
 34.78
 44.12
 -49.27
 -41.44
 -34.94
 -4.75
 -27.43
 -19.54
 -44.46
 -14.87
 -51.09
 -33.8
 -37
 37.3
 -50.51
 -36.89
 42.43000000000001
 -12.78
 -48.79
 44.98
 33.39
 -47.5
 47.67
 25.84
 -10.42
 43.91
 53.08
 52.77
 21.59999999999999
 -16.68
 -15.16
 14.5
 8.170000000000002
 48.83
 50.75
 -36.81
 -31.47
 45.09
 -46.79
 -57.78
 -48.05
 -55.9
 -41.24
 -51.03
 -25.06
 -14.4
 52.33
 38.77
 -51.5
 -3.770000000000003
 -28.76
 31.48
 14.36
 44.70999999999999
 42.22
 -48.95
 45.56
 27.27
 48.39
 -44.06
 37.92
 14
 28.41
 44.45999999999999
 35.98
 22.26000000000001
 9.030000000000001
 -24.86
 -10.68
 -61.45
 32.5
 -50.95
 43.70999999999999
 36.3
 -16.37
 30.91
 1.170000000000002
 30.48
 -56.84
 -59.54
 35.53
 23
 -67.39
 -63.52
 -58.22
 23.02
 27.04000000000001
 -30.93
 -40.57
 -75.06
 -23.83
 -61.3
 -33.67
 -37.1
 -59.62
 -62.73
 -61.34
 18.48
 -77.01000000000001
 23.2
 -2.030000000000001
 -33
 -13.53
 -33.31
 20.84
 -54.53
 -36.88
 -69.63
 8.270000000000003
 -0.4399999999999977
 9.969999999999999
 -79.96000000000001
 -9.890000000000001
 -69.39
 -56.59
 -90.94
 -60.26
 4.560000000000002
 -47.7
 -82.84999999999999
 -81.18000000000001
 -5.409999999999997
 -95.93000000000001
 -10.03
 -89.61
 -31.58
 -12.93
 -3.119999999999997
 3.119999999999997
 1.359999999999999
 1.810000000000002
 -87.25999999999999
 -74.09999999999999
 -63.25
 -95.28
 -98.02000000000001
 -39.98
 -0.3900000000000006
 -2.079999999999998
 -97.7
 -8.939999999999998
 -84.19
 -71.15000000000001
 -88.86
 -1.219999999999999
 -3.450000000000003
 -38.09
 -98.08
 -91.34999999999999
 -89.06999999999999
 -11.99
 -6.350000000000001
 -89.2
 -9.960000000000001
 -56.03
 -77.05
 -6.200000000000003
 -64.26000000000001
 -96.31999999999999
 -82.97
 -67.88
 -59.11
 -56.99
 -6.509999999999998
 -5.719999999999999
 -16.53
 -7.75
 -4.18
 -2.850000000000001
 -94.94
 -102.97
 -104.9
 -51.47
 -96.84
 -99.59
 0.3200000000000003
 6.270000000000003
 -16.94
 -0.4299999999999997
 -0.1199999999999974
 -39.06
 -86.00999999999999
 7.229999999999997
 4.770000000000003
 7.409999999999997
 -42.03
 -35.07
 -1.619999999999997
 -1.869999999999997
 12.48
 -16.58
 0.5200000000000031
 -7.229999999999997
 0.8599999999999994
 -57.29
 -72.09
 -5.729999999999997
 -56.83
 4.75
 11.49
 -49.24
 -63.18
 -56.54
 19.04000000000001
 -26.09
 -81.92
 -73.98
 -77.71000000000001
 10.56
 -45.59
 -63.15
 -13
 20.39
 25.25
 -45.34
 -65.08
 -63.39
 24.23999999999999
 -70.12
 -79.58
 -70.56
 29.09999999999999
 30.03
 -74.73
 10.05
 7.439999999999998
 -74.22
 -3.200000000000003
 -22.88
 -45.52
 20.20999999999999
 -62.66
 -56.3
 25.84999999999999
 -30.76
 44.5
 -44.41
 -40.48
 1.68
 19.44
 -51.99
 -0.5499999999999972
 25.40000000000001
 37.69
 -5.109999999999999
 -10
 1.340000000000003
 39.37
 40.05
 34.08
 -52.68
 -35.34
 -62.85
 41.5
 -45.09
 48
 -51.12
 40.41
 36.08
 -36.63
 24.20999999999999
 -38.61
 37.58
 -65.08
 -56.66
 19.11
 -33.88
 1.579999999999998
 -60.75
 10.9
 -14.58
 23.69
 4.420000000000002
 26.39
 -50.65
 26.45
 -48.74
 -15.52
 -57.77
 37.94
 -2.490000000000002
 -50.8
 24.47
 -62.85
 -21.62
 4.369999999999997
 -53.72
 44.48999999999999
 -51.22
 -24.5
 -19
 -48.81
 -4.490000000000002
 -62.33
 -53.54
 -43.42
 44.05
 -4.380000000000003
 -55.36
 -45.53
 21.43000000000001
 -54.35
 -62.68
 35.04000000000001
 26.05
 44.14
 -17.84
 -55.15
 -20.75
 -53.56
 40.59
 34.52
 -27.4
 27.48
 -30.07
 -55.83
 -49.63
 -66.41
 -57.14
 -73.05
 -58.03
 -64.89
 -5.229999999999997
 30.44
 -62.28
 28.16
 -47.49
 -46.16
 39.89
 -64.19
 10.09
 -23.81
 -64.67
 30.01000000000001
 -27.11
 -21.3
 26.06999999999999
 35.66
 29.27
 28.67
 -13.66
 -52.96
 8.329999999999998
 32.34
 26.09
 -66.15000000000001
 -63.44
 31.48
 -21.49
 -12.77
 -66.53
 10.45
 -46.8
 22.47
 -2.609999999999999
 19.09999999999999
 28.64
 33.68000000000001
 18.54000000000001
 -63.65
 -35.71
 3.729999999999997
 16.95
 22.19
 -55.47
 -58.59
 -72.36
 21.64
 17.15000000000001
 2.469999999999999
 -53.87
 13.54
 34.55
 -31.03
 -74.81999999999999
 -39.6
 -64.34
 14.8
 -74.41
 -23.81
 -46.77
 -59.78
 -40.91
 -49.31
 -9.840000000000003
 -76.03999999999999
 -85.44
 -73.34999999999999
 17.02
 -79.31
 11.57
 18.05
 -2.520000000000003
 -85.56
 0.9500000000000028
 -75.08
 -74.59
 -89.47
 -9.310000000000002
 -25.73
 5.969999999999999
 11.71
 -88.8
 -76.69
 -12.81
 0.9500000000000028
 13.03
 -59.91
 -70.69
 -78.90000000000001
 -30.36
 -53.54
 -41.9
 -95.78
 -26.13
 -87.28
 17.48999999999999
 -86.81999999999999
 -93.56
 -3.759999999999998
 -86.89
 -79.87
 4.359999999999999
 -64.31999999999999
 -81.78
 -40.25
 -95.15000000000001
 -21.23
 -6.549999999999997
 5.409999999999997
 -3.229999999999997
 3.659999999999997
 -26.14
 1.469999999999999
 -58.47
 2.509999999999998
 -94.55
 -52.59
 -13.49
 -104.69
 -15.47
 2.170000000000002
 -92.43000000000001
 -4.600000000000001
 -96.15000000000001
 -47.06
 3.640000000000001
 -6.770000000000003
 -59.69
 -81.84
 -13.98
 -3.420000000000002
 -7.25
 -69.81
 -49.35
 -100.94
 -13.53
 -16.51
 -33.77
 -14.24
 -94.12
 3.140000000000001
 -1.909999999999997
 -65.64
 -10.71
 -85.91
 -51.43
 -99.22
 -64.34
 -0.8900000000000006
 -28.8
 0.00999999999999801
 -5.560000000000002
 -92.71000000000001
 -13.7
 -14.07
 -91.37
 1.140000000000001
 -0.8999999999999986
 -75.72
 -15.68
 -39.6
 -30.52
 -101.7
 -102.74
 -59.03
 6.469999999999999
 -67.73
 -9.18
 -84.41
 -70.03
 -71.53999999999999
 -62.64
 -102.09
 3.079999999999998
 -64.97
 -82.63
 -87.44
 -32.19
 9.93
 -4.560000000000002
 -13.8
 9.090000000000003
 -75.89
 -14.23
 -75.68000000000001
 -19.3
 -17.71
 -84.95
 -10.28
 -56.19
 -20.21
 -3.289999999999999
 12.06
 -88.34
 -73.78999999999999
 -67.72
 -88.25999999999999
 -95.17
 -33.36
 -66.03999999999999
 -5.68
 -88.21000000000001
 -79.78
 -88.68000000000001
 12.74
 -80.06999999999999
 -65.16
 -92.22999999999999
 4.43
 -3.530000000000001
 -14.65
 -59.68
 11.4
 -11.5
 -86.16
 -53.14
 6.710000000000001
 -9.100000000000001
 -73.25
 -3.719999999999999
 -81.23
 -60.43
 -7.539999999999999
 -82.74000000000001
 -29.14
 -64.38
 10.71
 -75.36
 -13.58
 17.67
 -24.67
 -8.520000000000003
 -56.71
 -76.23
 -10.32
 -76.34999999999999
 -35.14
 19.33
 13.34
 -76.76000000000001
 7.659999999999997
 -32.95
 -25.22
 24.36
 -76.65000000000001
 -61.89
 -17.82
 -73.98999999999999
 -73.75
 11.36
 -40.52
 -70.03
 -49.39
 -62.33
 -71.8
 -70.83
 25.25
 -64.98
 24.27
 -73.88
 0.7299999999999969
 -26.77
 -67.48999999999999
 22.39
 -68.17
 29.09
 -66.11
 -63.04
 38.37
 6.259999999999998
 -69.55
 -2.490000000000002
 -41.06
 -56.33
 13.78
 -26.79
 26.09999999999999
 28.48999999999999
 27.59999999999999
 -23.86
 -17.1
 -67.48999999999999
 22.20999999999999
 -67.23999999999999
 -59.63
 28.05
 -60.34
 12.21
 -14.2
 -55.26
 -69.47
 25.58
 34.23
 -25.71
 -34.85
 33.58
 -9.780000000000001
 19.41
 36.34
 19.53
 40.65000000000001
 41.16
 -23.25
 -63.14
 -1.229999999999997
 18.61
 35.05
 38.54000000000001
 29.68000000000001
 11.45
 25.72
 -49.26
 -18.37
 -62.62
 37.04000000000001
 -27.95
 31.23999999999999
 -62.84
 -26.1
 -20.73
 27.45
 -19.37
 -26.24
 29.91
 -55.43
 7.759999999999998
 -44.57
 -64.65000000000001
 28.93000000000001
 -57.65
 -50.2
 21.09999999999999
 23.15000000000001
 -21.08
 -65.88
 -61.61
 -33.55
 35.59999999999999
 -40.24
 -44.92
 -9
 -42.8
 -70.19
 2.729999999999997
 -63.53
 -55.15
 30.04000000000001
 -64.73999999999999
 24.27
 -59.55
 2.200000000000003
 -25.74
 11.4
 42.95999999999999
 -45.78
 28.66
 -57.04
 -69.2
 30.59999999999999
 -65.01000000000001
 -38.92
 -58.07
 22.64
 9.310000000000002
 12.6
 -76.52
 -54.21
 -17.99
 -8.259999999999998
 -40.5
 22.2
 -55.35
 -66.87
 -73.88
 -74.53999999999999
 0.3599999999999994
 -73.77
 -45.55
 20.39
 -69.66
 -67.56999999999999
 -45.99
 -70.2
 13.24
 22.34
 -70.91
 -74.38
 -55.1
 -67.91
 -84.43000000000001
 -76.36
 13.36
 -53.49
 4.439999999999998
 -74.92
 -15.36
 21.43000000000001
 -39.17
 -53.1
 -72.01000000000001
 -3.289999999999999
 -56.13
 20.31
 14.01000000000001
 9.399999999999999
 -78.61
 -78.98999999999999
 25.81
 -79.16
 25.03
 -81.06999999999999
 -81.86
 10.94
 18.47
 -63.89
 -85.83
 21.68000000000001
 -76.89
 -24.11
 11.68
 27.09999999999999
 -3.990000000000002
 -62.22
 9.689999999999998
 -76.28
 24.93000000000001
 9.609999999999999
 -64.31999999999999
 20.45
 -71.69
 19.26000000000001
 16.23999999999999
 -70.28
 -73.42
 2.439999999999998
 -38.56
 -57.43
 -2.039999999999999
 -36.52
 10.67
 21.37
 26.79000000000001
 -29.35
 18.39
 -64.68000000000001
 5.799999999999997
 33.26000000000001
 -49.45
 -65.78
 -73.28
 36.8
 -57.07
 -25.48
 20.75
 -67.64
 -30.75
 32.5
 9.090000000000003
 43.62
 -47.97
 32.62
 -58.34
 -62.68
 -65.84999999999999
 -6.109999999999999
 13.18
 39.16
 -12.4
 35.42
 32.40000000000001
 -0.3800000000000026
 7.840000000000003
 -29.71
 -29.38
 28.3
 33.86
 -53.73
 38.06999999999999
 0.3699999999999974
 32.09
 38.68000000000001
 -2.869999999999997
 29.03
 42.41
 37.41
 -58.96
 -53.46
 49.81999999999999
 17.58
 -25.88
 -46.58
 26.04000000000001
 41.95999999999999
 -4.030000000000001
 -16.73
 14.8
 39.20999999999999
 13.3
 38.34
 22
 -43.11
 -45.62
 -30.87
 33.28
 8.310000000000002
 46.92
 -53.82
 -44.94
 35.75
 40.37
 -1.75
 32.31
 -57.98
 -46.92
 51.05
 42.33
 25.08
 28.70999999999999
 -48.46
 8.850000000000001
 44.81
 -48.18
 6.159999999999997
 -54.16
 -19.08
 -22.14
 -36.45
 -23.6
 -44.84
 -36.01
 18.77
 40.53
 -21.48
 -39.14
 48.25
 -4.770000000000003
 27.95999999999999
 34.22
 47.12
 -13.03
 -13.77
 -34.82
 35.73999999999999
 44.06999999999999
 -60.17
 -41.01
 30.01000000000001
 -9.509999999999998
 41.77
 -48.65
 49.29000000000001
 45.97
 16.76000000000001
 46.36
 11.38
 14.38
 -8.240000000000002
 -40.04
 -41.87
 -21.84
 -49.6
 42.14
 17.97
 -35.94
 -13.95
 -21.9
 4.130000000000003
 37.27
 34
 -14.09
 -25.4
 41.76000000000001
 -43.84
 -43.03
 47.06
 42.72
 35.06
 -54.82
 -21.39
 -44.2
 -41.94
 -44.34
 -47.77
 47.37
 5.5
 -21.54
 -10.23
 -35.8
 -20.8
 -44.59
 -45.84
 -31.11
 21.03
 45.48
 -49.55
 -53.86
 -61.35
 45.52
 -48.68
 -15.78
 45.43000000000001
 -6.509999999999998
 -10.04
 56.73999999999999
 31.75
 46.48999999999999
 56.06999999999999
 44.8
 -21.73
 8.299999999999997
 -39.91
 38.5
 -23.18
 -50.08
 15.02
 31.56
 40
 -33.4
 24.95
 -8.950000000000003
 -16.59
 56.48
 -36.49
 -42.82
 19.09
 35.86
 -38.24
 34.41
 -43.02
 -41.84
 11.4
 -4.520000000000003
 -39.69
 -53.13
 -35
 -5.859999999999999
 -50.23
 14.98
 55.02
 -0.7999999999999972
 -29.62
 47.93000000000001
 -2.600000000000001
 45.56
 -38.51
 41.92
 -12.67
 -14.5
 -14.04
 39.26000000000001
 -4.5
 46.11
 -6.539999999999999
 37.83
 -35.17
 46.03
 42.47
 38.27
 -17.23
 -40.84
 -47.64
 45.8
 45.66
 43.59
 -41.02
 15.12
 -43.88
 -35.64
 48.5
 17.27
 9.509999999999998
 -18.14
 -4.090000000000003
 -48.4
 28.90000000000001
 -38.22
 -36.88
 5.710000000000001
 -25.71
 43.56999999999999
 -16.7
 -55.41
 -30.44
 -45.86
 -30.12
 -19.69
 43.47
 -22.39
 54.59999999999999
 -56.23
 -54.01
 -9.579999999999998
 -53.27
 -9.579999999999998
 42.09
 49.06
 -51.39
 29.47
 -53.05
 36.01000000000001
 15.97
 44.67
 -44.58
 -46.5
 -7.079999999999998
 -17.82
 -56.96
 -21.84
 -50.25
 -50.03
 11.18
 15.28
 19.48
 -60.05
 -59.42
 21.45
 -34.66
 24.8
 -4.420000000000002
 -61.13
 41.22
 25.84
 -17.08
 -39.67
 33.26000000000001
 -50.62
 -21.53
 -37.99
 -41.52
 -55.61
 11.28
 28.2
 -50.73
 31.59
 21.65000000000001
 36.56
 26.88
 -57.66
 19.37
 -34.64
 27.61
 -27.06
 33.8
 18.92
 8.990000000000002
 21.39
 2.960000000000001
 -53.88
 34.26000000000001
 15.25
 19.2
 -27.27
 30.59
 31.34
 -23.41
 -63.99
 -57.55
 -73.08
 -62.42
 -28.69
 25.69
 -11.16
 -76.21000000000001
 -58.96
 -66.2
 -31.42
 30.45
 -67.53999999999999
 -2.520000000000003
 19
 -71.61
 -41.15
 -27.47
 24.18000000000001
 -56.88
 28.15000000000001
 23.79000000000001
 -44
 20.95999999999999
 -53.44
 -69.17
 -1.689999999999998
 19.78
 -66.51000000000001
 3.109999999999999
 29.52
 -60.4
 -47.1
 -58.05
 -0.1799999999999997
 -47.46
 -18.05
 37.69
 -70.91
 -48.65
 22.84999999999999
 -72.45
 25.31999999999999
 5.219999999999999
 27.3
 -1.030000000000001
 -64.55
 4.579999999999998
 -66.98
 7.75
 -74.21000000000001
 -65.64
 -31.26
 -65.95
 10.81
 -61.89
 -67.53999999999999
 -64.81
 -10.28
 -66.01000000000001
 -22.32
 -66.56
 -35.18
 -62.77
 -68.68000000000001
 -14.2
 -67.03999999999999
 -73.21000000000001
 34.56
 -45.66
 -55.26
 10.47
 -44.9
 37.41
 -57.89
 10.4
 9.630000000000003
 31.83
 17.38
 -46.81
 11.04
 -60.58
 -51.94
 -61.14
 -41.42
 -55.77
 -37.8
 -43.48
 -58.47
 2.75
 34.43000000000001
 -14.72
 2.75
 -58.47
 -43.48
 -37.8
 -55.77
 -41.42
 -61.14
 -51.94
 -60.58
 11.04
 -46.81
 17.38
 31.83
 9.630000000000003
 10.4
 -57.89
 37.41
 -44.9
 10.47
 -55.26
 -45.66
 34.56
 -73.21000000000001
 -67.03999999999999
 -14.2
 -68.68000000000001
 -62.77
 -35.18
 -66.56
 -22.32
 -66.01000000000001
 -10.28
 -64.81
 -67.53999999999999
 -61.89
 10.81
 -65.95
 -31.26
 -65.64
 -74.21000000000001
 7.75
 -66.98
 4.579999999999998
 -64.55
 -1.030000000000001
 27.3
 5.219999999999999
 25.31999999999999
 -72.45
 22.84999999999999
 -48.65
 -70.91
 37.69
 -18.05
 -47.46
 -0.1799999999999997
 -58.05
 -47.1
 -60.4
 29.52
 3.109999999999999
 -66.51000000000001
 19.78
 -1.689999999999998
 -69.17
 -53.44
 20.95999999999999
 -44
 23.79000000000001
 28.15000000000001
 -56.88
 24.18000000000001
 -27.47
 -41.15
 -71.61
 19
 -2.520000000000003
 -67.53999999999999
 30.45
 -31.42
 -66.2
 -58.96
 -76.21000000000001
 -11.16
 25.69
 -28.69
 -62.42
 -73.08
 -57.55
 -63.99
 -23.41
 31.34
 30.59
 -27.27
 19.2
 15.25
 34.26000000000001
 -53.88
 2.960000000000001
 21.39
 8.990000000000002
 18.92
 33.8
 -27.06
 27.61
 -34.64
 19.37
 -57.66
 26.88
 36.56
 21.65000000000001
 31.59
 -50.73
 28.2
 11.28
 -55.61
 -41.52
 -37.99
 -21.53
 -50.62
 33.26000000000001
 -39.67
 -17.08
 25.84
 41.22
 -61.13
 -4.420000000000002
 24.8
 -34.66
 21.45
 -59.42
 -60.05
 19.48
 15.28
 11.18
 -50.03
 -50.25
 -21.84
 -56.96
 -17.82
 -7.079999999999998
 -46.5
 -44.58
 44.67
 15.97
 36.01000000000001
 -53.05
 29.47
 -51.39
 49.06
 42.09
 -9.579999999999998
 -53.27
 -9.579999999999998
 -54.01
 -56.23
 54.59999999999999
 -22.39
 43.47
 -19.69
 -30.12
 -45.86
 -30.44
 -55.41
 -16.7
 43.56999999999999
 -25.71
 5.710000000000001
 -36.88
 -38.22
 28.90000000000001
 -48.4
 -4.090000000000003
 -18.14
 9.509999999999998
 17.27
 48.5
 -35.64
 -43.88
 15.12
 -41.02
 43.59
 45.66
 45.8
 -47.64
 -40.84
 -17.23
 38.27
 42.47
 46.03
 -35.17
 37.83
 -6.539999999999999
 46.11
 -4.5
 39.26000000000001
 -14.04
 -14.5
 -12.67
 41.92
 -38.51
 45.56
 -2.600000000000001
 47.93000000000001
 -29.62
 -0.7999999999999972
 55.02
 14.98
 -50.23
 -5.859999999999999
 -35
 -53.13
 -39.69
 -4.520000000000003
 11.4
 -41.84
 -43.02
 34.41
 -38.24
 35.86
 19.09
 -42.82
 -36.49
 56.48
 -16.59
 -8.950000000000003
 24.95
 -33.4
 40
 31.56
 15.02
 -50.08
 -23.18
 38.5
 -39.91
 8.299999999999997
 -21.73
 44.8
 56.06999999999999
 46.48999999999999
 31.75
 56.73999999999999
 -10.04
 -6.509999999999998
 45.43000000000001
 -15.78
 -48.68
 45.52
 -61.35
 -53.86
 -49.55
 45.48
 21.03
 -31.11
 -45.84
 -44.59
 -20.8
 -35.8
 -10.23
 -21.54
 5.5
 47.37
 -47.77
 -44.34
 -41.94
 -44.2
 -21.39
 -54.82
 35.06
 42.72
 47.06
 -43.03
 -43.84
 41.76000000000001
 -25.4
 -14.09
 34
 37.27
 4.130000000000003
 -21.9
 -13.95
 -35.94
 17.97
 42.14
 -49.6
 -21.84
 -41.87
 -40.04
 -8.240000000000002
 14.38
 11.38
 46.36
 16.76000000000001
 45.97
 49.29000000000001
 -48.65
 41.77
 -9.509999999999998
 30.01000000000001
 -41.01
 -60.17
 44.06999999999999
 35.73999999999999
 -34.82
 -13.77
 -13.03
 47.12
 34.22
 27.95999999999999
 -4.770000000000003
 48.25
 -39.14
 -21.48
 40.53
 18.77
 -36.01
 -44.84
 -23.6
 -36.45
 -22.14
 -19.08
 -54.16
 6.159999999999997
 -48.18
 44.81
 8.850000000000001
 -48.46
 28.70999999999999
 25.08
 42.33
 51.05
 -46.92
 -57.98
 32.31
 -1.75
 40.37
 35.75
 -44.94
 -53.82
 46.92
 8.310000000000002
 33.28
 -30.87
 -45.62
 -43.11
 22
 38.34
 13.3
 39.20999999999999
 14.8
 -16.73
 -4.030000000000001
 41.95999999999999
 26.04000000000001
 -46.58
 -25.88
 17.58
 49.81999999999999
 -53.46
 -58.96
 37.41
 42.41
 29.03
 -2.869999999999997
 38.68000000000001
 32.09
 0.3699999999999974
 38.06999999999999
 -53.73
 33.86
 28.3
 -29.38
 -29.71
 7.840000000000003
 -0.3800000000000026
 32.40000000000001
 35.42
 -12.4
 39.16
 13.18
 -6.109999999999999
 -65.84999999999999
 -62.68
 -58.34
 32.62
 -47.97
 43.62
 9.090000000000003
 32.5
 -30.75
 -67.64
 20.75
 -25.48
 -57.07
 36.8
 -73.28
 -65.78
 -49.45
 33.26000000000001
 -14.72
 2.75
 -58.47
 -43.48
 -37.8
 -55.77
 -41.42
 -61.14
 -51.94
 -60.58
 11.04
 -46.81
 17.38
 31.83
 9.630000000000003
 10.4
 -57.89
 37.41
 -44.9
 10.47
 -55.26
 -45.66
 34.56
 -73.21000000000001
 -67.03999999999999
 -14.2
 -68.68000000000001
 -62.77
 -35.18
 -66.56
 -22.32
 -66.01000000000001
 -10.28
 -64.81
 -67.53999999999999
 -61.89
 10.81
 -65.95
 -31.26
 -65.64
 -74.21000000000001
 7.75
 -66.98
 4.579999999999998
 -64.55
 -1.030000000000001
 27.3
 5.219999999999999
 25.31999999999999
 -72.45
 22.84999999999999
 -48.65
 -70.91
 37.69
 -18.05
 -47.46
 -0.1799999999999997
 -58.05
 -47.1
 -60.4
 29.52
 3.109999999999999
 -66.51000000000001
 19.78
 -1.689999999999998
 -69.17
 -53.44
 20.95999999999999
 -44
 23.79000000000001
 28.15000000000001
 -56.88
 24.18000000000001
 -27.47
 -41.15
 -71.61
 19
 -2.520000000000003
 -67.53999999999999
 30.45
 -31.42
 -66.2
 -58.96
 -76.21000000000001
 -11.16
 25.69
 -28.69
 -62.42
 -73.08
 -57.55
 -63.99
 -23.41
 31.34
 30.59
 -27.27
 19.2
 15.25
 34.26000000000001
 -53.88
 2.960000000000001
 21.39
 8.990000000000002
 18.92
 33.8
 -27.06
 27.61
 -34.64
 19.37
 -57.66
 26.88
 36.56
 21.65000000000001
 31.59
 -50.73
 28.2
 11.28
 -55.61
 -41.52
 -37.99
 -21.53
 -50.62
 33.26000000000001
 -39.67
 -17.08
 25.84
 41.22
 -61.13
 -4.420000000000002
 24.8
 -34.66
 21.45
 -59.42
 -60.05
 19.48
 15.28
 11.18
 -50.03
 -50.25
 -21.84
 -56.96
 -17.82
 -7.079999999999998
 -46.5
 -44.58
 44.67
 15.97
 36.01000000000001
 -53.05
 29.47
 -51.39
 49.06
 42.09
 -9.579999999999998
 -53.27
 -9.579999999999998
 -54.01
 -56.23
 54.59999999999999
 -22.39
 43.47
 -19.69
 -30.12
 -45.86
 -30.44
 -55.41
 -16.7
 43.56999999999999
 -25.71
 5.710000000000001
 -36.88
 -38.22
 28.90000000000001
 -48.4
 -4.090000000000003
 -18.14
 9.509999999999998
 17.27
 48.5
 -35.64
 -43.88
 15.12
 -41.02
 43.59
 45.66
 45.8
 -47.64
 -40.84
 -17.23
 38.27
 42.47
 46.03
 -35.17
 37.83
 -6.539999999999999
 46.11
 -4.5
 39.26000000000001
 -14.04
 -14.5
 -12.67
 41.92
 -38.51
 45.56
 -2.600000000000001
 47.93000000000001
 -29.62
 -0.7999999999999972
 55.02
 14.98
 -50.23
 -5.859999999999999
 -35
 -53.13
 -39.69
 -4.520000000000003
 11.4
 -41.84
 -43.02
 34.41
 -38.24
 35.86
 19.09
 -42.82
 -36.49
 56.48
 -16.59
 -8.950000000000003
 24.95
 -33.4
 40
 31.56
 15.02
 -50.08
 -23.18
 38.5
 -39.91
 8.299999999999997
 -21.73
 44.8
 56.06999999999999
 46.48999999999999
 31.75
 56.73999999999999
 -10.04
 -6.509999999999998
 45.43000000000001
 -15.78
 -48.68
 45.52
 -61.35
 -53.86
 -49.55
 45.48
 21.03
 -31.11
 -45.84
 -44.59
 -20.8
 -35.8
 -10.23
 -21.54
 5.5
 47.37
 -47.77
 -44.34
 -41.94
 -44.2
 -21.39
 -54.82
 35.06
 42.72
 47.06
 -43.03
 -43.84
 41.76000000000001
 -25.4
 -14.09
 34
 37.27
 4.130000000000003
 -21.9
 -13.95
 -35.94
 17.97
 42.14
 -49.6
 -21.84
 -41.87
 -40.04
 -8.240000000000002
 14.38
 11.38
 46.36
 16.76000000000001
 45.97
 49.29000000000001
 -48.65
 41.77
 -9.509999999999998
 30.01000000000001
 -41.01
 -60.17
 44.06999999999999
 35.73999999999999
 -34.82
 -13.77
 -13.03
 47.12
 34.22
 27.95999999999999
 -4.770000000000003
 48.25
 -39.14
 -21.48
 40.53
 18.77
 -36.01
 -44.84
 -23.6
 -36.45
 -22.14
 -19.08
 -54.16
 6.159999999999997
 -48.18
 44.81
 8.850000000000001
 -48.46
 28.70999999999999
 25.08
 42.33
 51.05
 -46.92
 -57.98
 32.31
 -1.75
 40.37
 35.75
 -44.94
 -53.82
 46.92
 8.310000000000002
 33.28
 -30.87
 -45.62
 -43.11
 22
 38.34
 13.3
 39.20999999999999
 14.8
 -16.73
 -4.030000000000001
 41.95999999999999
 26.04000000000001
 -46.58
 -25.88
 17.58
 49.81999999999999
 -53.46
 -58.96
 37.41
 42.41
 29.03
 -2.869999999999997
 38.68000000000001
 32.09
 0.3699999999999974
 38.06999999999999
 -53.73
 33.86
 28.3
 -29.38
 -29.71
 7.840000000000003
 -0.3800000000000026
 32.40000000000001
 35.42
 -12.4
 39.16
 13.18
 -6.109999999999999
 -65.84999999999999
 -62.68
 -58.34
 32.62
 -47.97
 43.62
 9.090000000000003
 32.5
 -30.75
 -67.64
 20.75
 -25.48
 -57.07
 36.8
 -73.28
 -65.78
 -49.45
 33.26000000000001
 -14.72
 2.75
 -58.47
 -43.48
 -37.8
 -55.77
 -41.42
 -61.14
 -51.94
 -60.58
 11.04
 -46.81
 17.38
 31.83
 9.630000000000003
 10.4
 -57.89
 37.41
 -44.9
 10.47
 -55.26
 -45.66
 34.56
 -73.21000000000001
 -67.03999999999999
 -14.2
 -68.68000000000001
 -62.77
 -35.18
 -66.56
 -22.32
 -66.01000000000001
 -10.28
 -64.81
 -67.53999999999999
 -61.89
 10.81
 -65.95
 -31.26
 -65.64
 -74.21000000000001
 7.75
 -66.98
 4.579999999999998
 -64.55
 -1.030000000000001
 27.3
 5.219999999999999
 25.31999999999999
 -72.45
 22.84999999999999
 -48.65
 -70.91
 37.69
 -18.05
 -47.46
 -0.1799999999999997
 -58.05
 -47.1
 -60.4
 29.52
 3.109999999999999
 -66.51000000000001
 19.78
 -1.689999999999998
 -69.17
 -53.44
 20.95999999999999
 -44
 23.79000000000001
 28.15000000000001
 -56.88
 24.18000000000001
 -27.47
 -41.15
 -71.61
 19
 -2.520000000000003
 -67.53999999999999
 30.45
 -31.42
 -66.2
 -58.96
 -76.21000000000001
 -11.16
 25.69
 -28.69
 -62.42
 -73.08
 -57.55
 -63.99
 -23.41
 31.34
 30.59
 -27.27
 19.2
 15.25
 34.26000000000001
 -53.88
 2.960000000000001
 21.39
 8.990000000000002
 18.92
 33.8
 -27.06
 27.61
 -34.64
 19.37
 -57.66
 26.88
 36.56
 21.65000000000001
 31.59
 -50.73
 28.2
 11.28
 -55.61
 -41.52
 -37.99
 -21.53
 -50.62
 33.26000000000001
 -39.67
 -17.08
 25.84
 41.22
 -61.13
 -4.420000000000002
 24.8
 -34.66
 21.45
 -59.42
 -60.05
 19.48
 15.28
 11.18
 -50.03
 -50.25
 -21.84
 -56.96
 -17.82
 -7.079999999999998
 -46.5
 -44.58
 44.67
 15.97
 36.01000000000001
 -53.05
 29.47
 -51.39
 49.06
 42.09
 -9.579999999999998
 -53.27
 -9.579999999999998
 -54.01
 -56.23
 54.59999999999999
 -22.39
 43.47
 -19.69
 -30.12
 -45.86
 -30.44
 -55.41
 -16.7
 43.56999999999999
 -25.71
 5.710000000000001
 -36.88
 -38.22
 28.90000000000001
 -48.4
 -4.090000000000003
 -18.14
 9.509999999999998
 17.27
 48.5
 -35.64
 -43.88
 15.12
 -41.02
 43.59
 45.66
 45.8
 -47.64
 -40.84
 -17.23
 38.27
 42.47
 46.03
 -35.17
 37.83
 -6.539999999999999
 46.11
 -4.5
 39.26000000000001
 -14.04
 -14.5
 -12.67
 41.92
 -38.51
 45.56
 -2.600000000000001
 47.93000000000001
 -29.62
 -0.7999999999999972
 55.02
 14.98
 -50.23
 -5.859999999999999
 -35
 -53.13
 -39.69
 -4.520000000000003
 11.4
 -41.84
 -43.02
 34.41
 -38.24
 35.86
 19.09
 -42.82
 -36.49
 56.48
 -16.59
 -8.950000000000003
 24.95
 -33.4
 40
 31.56
 15.02
 -50.08
 -23.18
 38.5
 -39.91
 8.299999999999997
 -21.73
 44.8
 56.06999999999999
 46.48999999999999
 31.75
 56.73999999999999
 -10.04
 -6.509999999999998
 45.43000000000001
 -15.78
 -48.68
 45.52
 -61.35
 -53.86
 -49.55
 45.48
 21.03
 -31.11
 -45.84
 -44.59
 -20.8
 -35.8
 -10.23
 -21.54
 5.5
 47.37
 -47.77
 -44.34
 -41.94
 -44.2
 -21.39
 -54.82
 35.06
 42.72
 47.06
 -43.03
 -43.84
 41.76000000000001
 -25.4
 -14.09
 34
 37.27
 4.130000000000003
 -21.9
 -13.95
 -35.94
 17.97
 42.14
 -49.6
 -21.84
 -41.87
 -40.04
 -8.240000000000002
 14.38
 11.38
 46.36
 16.76000000000001
 45.97
 49.29000000000001
 -48.65
 41.77
 -9.509999999999998
 30.01000000000001
 -41.01
 -60.17
 44.06999999999999
 35.73999999999999
 -34.82
 -13.77
 -13.03
 47.12
 34.22
 27.95999999999999
 -4.770000000000003
 48.25
 -39.14
 -21.48
 40.53
 18.77
 -36.01
 -44.84
 -23.6
 -36.45
 -22.14
 -19.08
 -54.16
 6.159999999999997
 -48.18
 44.81
 8.850000000000001
 -48.46
 28.70999999999999
 25.08
 42.33
 51.05
 -46.92
 -57.98
 32.31
 -1.75
 40.37
 35.75
 -44.94
 -53.82
 46.92
 8.310000000000002
 33.28
 -30.87
 -45.62
 -43.11
 22
 38.34
 13.3
 39.20999999999999
 14.8
 -16.73
 -4.030000000000001
 41.95999999999999
 26.04000000000001
 -46.58
 -25.88
 17.58
 49.81999999999999
 -53.46
 -58.96
 37.41
 42.41
 29.03
 -2.869999999999997
 38.68000000000001
 32.09
 0.3699999999999974
 38.06999999999999
 -53.73
 33.86
 28.3
 -29.38
 -29.71
 7.840000000000003
 -0.3800000000000026
 32.40000000000001
 35.42
 -12.4
 39.16
 13.18
 -6.109999999999999
 -65.84999999999999
 -62.68
 -58.34
 32.62
 -47.97
 43.62
 9.090000000000003
 32.5
 -30.75
 -67.64
 20.75
 -25.48
 -57.07
 36.8
 -73.28
 -65.78
 -49.45
 33.26000000000001
 5.799999999999997
 -64.68000000000001
 18.39
 -29.35
 26.79000000000001
 21.37
 10.67
 -36.52
 -2.039999999999999
 -57.43
 -38.56
 2.439999999999998
 -73.42
 -70.28
 16.23999999999999
 19.26000000000001
 -71.69
 20.45
 -64.31999999999999
 9.609999999999999
 24.93000000000001
 -76.28
 9.689999999999998
 -62.22
 -3.990000000000002
 27.09999999999999
 11.68
 -24.11
 -76.89
 21.68000000000001
 -85.83
 -63.89
 18.47
 10.94
 -81.86
 -81.06999999999999
 25.03
 -79.16
 25.81
 -78.98999999999999
 -78.61
 9.399999999999999
 14.01000000000001
 20.31
 -56.13
 -3.289999999999999
 -72.01000000000001
 -53.1
 -39.17
 21.43000000000001
 -15.36
 -74.92
 4.439999999999998
 -53.49
 13.36
 -76.36
 -84.43000000000001
 -67.91
 -55.1
 -74.38
 -70.91
 22.34
 13.24
 -70.2
 -45.99
 -67.56999999999999
 -69.66
 20.39
 -45.55
 -73.77
 0.3599999999999994
 -74.53999999999999
 -73.88
 -66.87
 -55.35
 22.2
 -40.5
 -8.259999999999998
 -17.99
 -54.21
 -76.52
 12.6
 9.310000000000002
 22.64
 -58.07
 -38.92
 -65.01000000000001
 30.59999999999999
 -69.2
 -57.04
 28.66
 -45.78
 42.95999999999999
 11.4
 -25.74
 2.200000000000003
 -59.55
 24.27
 -64.73999999999999
 30.04000000000001
 -55.15
 -63.53
 2.729999999999997
 -70.19
 -42.8
 -9
 -44.92
 -40.24
 35.59999999999999
 -33.55
 -61.61
 -65.88
 -21.08
 23.15000000000001
 21.09999999999999
 -50.2
 -57.65
 28.93000000000001
 -64.65000000000001
 -44.57
 7.759999999999998
 -55.43
 29.91
 -26.24
 -19.37
 27.45
 -20.73
 -26.1
 -62.84
 31.23999999999999
 -27.95
 37.04000000000001
 -62.62
 -18.37
 -49.26
 25.72
 11.45
 29.68000000000001
 38.54000000000001
 35.05
 18.61
 -1.229999999999997
 -63.14
 -23.25
 41.16
 40.65000000000001
 19.53
 36.34
 19.41
 -9.780000000000001
 33.58
 -34.85
 -25.71
 34.23
 25.58
 -69.47
 -55.26
 -14.2
 12.21
 -60.34
 28.05
 -59.63
 -67.23999999999999
 22.20999999999999
 -67.48999999999999
 -17.1
 -23.86
 27.59999999999999
 28.48999999999999
 26.09999999999999
 -26.79
 13.78
 -56.33
 -41.06
 -2.490000000000002
 -69.55
 6.259999999999998
 38.37
 -63.04
 -66.11
 29.09
 -68.17
 22.39
 -67.48999999999999
 -26.77
 0.7299999999999969
 -73.88
 24.27
 -64.98
 25.25
 -70.83
 -71.8
 -62.33
 -49.39
 -70.03
 -40.52
 11.36
 -73.75
 -73.98999999999999
 -17.82
 -61.89
 -76.65000000000001
 24.36
 -25.22
 -32.95
 7.659999999999997
 -76.76000000000001
 13.34
 19.33
 -35.14
 -76.34999999999999
 -10.32
 -76.23
 -56.71
 -8.520000000000003
 -24.67
 17.67
 -13.58
 -75.36
 10.71
 -64.38
 -29.14
 -82.74000000000001
 -7.539999999999999
 -60.43
 -81.23
 -3.719999999999999
 -73.25
 -9.100000000000001
 6.710000000000001
 -53.14
 -86.16
 -11.5
 11.4
 -59.68
 -14.65
 -3.530000000000001
 4.43
 -92.22999999999999
 -65.16
 -80.06999999999999
 12.74
 -88.68000000000001
 -79.78
 -88.21000000000001
 -5.68
 -66.03999999999999
 -33.36
 -95.17
 -88.25999999999999
 -67.72
 -73.78999999999999
 -88.34
 12.06
 -3.289999999999999
 -20.21
 -56.19
 -10.28
 -84.95
 -17.71
 -19.3
 -75.68000000000001
 -14.23
 -75.89
 9.090000000000003
 -13.8
 -4.560000000000002
 9.93
 -32.19
 -87.44
 -82.63
 -64.97
 3.079999999999998
 -102.09
 -62.64
 -71.53999999999999
 -70.03
 -84.41
 -9.18
 -67.73
 6.469999999999999
 -59.03
 -102.74
 -101.7
 -30.52
 -39.6
 -15.68
 -75.72
 -0.8999999999999986
 1.140000000000001
 -91.37
 -14.07
 -13.7
 -92.71000000000001
 -5.560000000000002
 0.00999999999999801
 -28.8
 -0.8900000000000006
 -64.34
 -99.22
 -51.43
 -85.91
 -10.71
 -65.64
 -1.909999999999997
 3.140000000000001
 -94.12
 -14.24
 -33.77
 -16.51
 -13.53
 -100.94
 -49.35
 -69.81
 -7.25
 -3.420000000000002
 -13.98
 -81.84
 -59.69
 -6.770000000000003
 3.640000000000001
 -47.06
 -96.15000000000001
 -4.600000000000001
 -92.43000000000001
 2.170000000000002
 -15.47
 -104.69
 -13.49
 -52.59
 -94.55
 2.509999999999998
 -58.47
 1.469999999999999
 -26.14
 3.659999999999997
 -3.229999999999997
 5.409999999999997
 -6.549999999999997
 -21.23
 -95.15000000000001
 -40.25
 -81.78
 -64.31999999999999
 4.359999999999999
 -79.87
 -86.89
 -3.759999999999998
 -93.56
 -86.81999999999999
 17.48999999999999
 -87.28
 -26.13
 -95.78
 -41.9
 -53.54
 -30.36
 -78.90000000000001
 -70.69
 -59.91
 13.03
 0.9500000000000028
 -12.81
 -76.69
 -88.8
 11.71
 5.969999999999999
 -25.73
 -9.310000000000002
 -89.47
 -74.59
 -75.08
 0.9500000000000028
 -85.56
 -2.520000000000003
 18.05
 11.57
 -79.31
 17.02
 -73.34999999999999
 -85.44
 -76.03999999999999
 -9.840000000000003
 -49.31
 -40.91
 -59.78
 -46.77
 -23.81
 -74.41
 14.8
 -64.34
 -39.6
 -74.81999999999999
 -31.03
 34.55
 13.54
 -53.87
 2.469999999999999
 17.15000000000001
 21.64
 -72.36
 -58.59
 -55.47
 22.19
 16.95
 3.729999999999997
 -35.71
 -63.65
 18.54000000000001
 33.68000000000001
 28.64
 19.09999999999999
 -2.609999999999999
 22.47
 -46.8
 10.45
 -66.53
 -12.77
 -21.49
 31.48
 -63.44
 -66.15000000000001
 26.09
 32.34
 8.329999999999998
 -52.96
 -13.66
 28.67
 29.27
 35.66
 26.06999999999999
 -21.3
 -27.11
 30.01000000000001
 -64.67
 -23.81
 10.09
 -64.19
 39.89
 -46.16
 -47.49
 28.16
 -62.28
 30.44
 -5.229999999999997
 -64.89
 -58.03
 -73.05
 -57.14
 -66.41
 -49.63
 -55.83
 -30.07
 27.48
 -27.4
 34.52
 40.59
 -53.56
 -20.75
 -55.15
 -17.84
 44.14
 26.05
 35.04000000000001
 -62.68
 -54.35
 21.43000000000001
 -45.53
 -55.36
 -4.380000000000003
 44.05
 -43.42
 -53.54
 -62.33
 -4.490000000000002
 -48.81
 -19
 -24.5
 -51.22
 44.48999999999999
 -53.72
 4.369999999999997
 -21.62
 -62.85
 24.47
 -50.8
 -2.490000000000002
 37.94
 -57.77
 -15.52
 -48.74
 26.45
 -50.65
 26.39
 4.420000000000002
 23.69
 -14.58
 10.9
 -60.75
 1.579999999999998
 -33.88
 19.11
 -56.66
 -65.08
 37.58
 -38.61
 24.20999999999999
 -36.63
 36.08
 40.41
 -51.12
 48
 -45.09
 41.5
 -62.85
 -35.34
 -52.68
 34.08
 40.05
 39.37
 1.340000000000003
 -10
 -5.109999999999999
 37.69
 25.40000000000001
 -0.5499999999999972
 -51.99
 19.44
 1.68
 -40.48
 -44.41
 44.5
 -30.76
 25.84999999999999
 -56.3
 -62.66
 20.20999999999999
 -45.52
 -22.88
 -3.200000000000003
 -74.22
 7.439999999999998
 10.05
 -74.73
 30.03
 29.09999999999999
 -70.56
 -79.58
 -70.12
 24.23999999999999
 -63.39
 -65.08
 -45.34
 25.25
 20.39
 -13
 -63.15
 -45.59
 10.56
 -77.71000000000001
 -73.98
 -81.92
 -26.09
 19.04000000000001
 -56.54
 -63.18
 -49.24
 11.49
 4.75
 -56.83
 -5.729999999999997
 -72.09
 -57.29
 0.8599999999999994
 -7.229999999999997
 0.5200000000000031
 -16.58
 12.48
 -1.869999999999997
 -1.619999999999997
 -35.07
 -42.03
 7.409999999999997
 4.770000000000003
 7.229999999999997
 -86.00999999999999
 -39.06
 -0.1199999999999974
 -0.4299999999999997
 -16.94
 6.270000000000003
 0.3200000000000003
 -99.59
 -96.84
 -51.47
 -104.9
 -102.97
 -94.94
 -2.850000000000001
 -4.18
 -7.75
 -16.53
 -5.719999999999999
 -6.509999999999998
 -56.99
 -59.11
 -67.88
 -82.97
 -96.31999999999999
 -64.26000000000001
 -6.200000000000003
 -77.05
 -56.03
 -9.960000000000001
 -89.2
 -6.350000000000001
 -11.99
 -89.06999999999999
 -91.34999999999999
 -98.08
 -38.09
 -3.450000000000003
 -1.219999999999999
 -88.86
 -71.15000000000001
 -84.19
 -8.939999999999998
 -97.7
 -2.079999999999998
 -0.3900000000000006
 -39.98
 -98.02000000000001
 -95.28
 -63.25
 -74.09999999999999
 -87.25999999999999
 1.810000000000002
 1.359999999999999
 3.119999999999997
 -3.119999999999997
 -12.93
 -31.58
 -89.61
 -10.03
 -95.93000000000001
 -5.409999999999997
 -81.18000000000001
 -82.84999999999999
 -47.7
 4.560000000000002
 -60.26
 -90.94
 -56.59
 -69.39
 -9.890000000000001
 -79.96000000000001
 9.969999999999999
 -0.4399999999999977
 8.270000000000003
 -69.63
 -36.88
 -54.53
 20.84
 -33.31
 -13.53
 -33
 -2.030000000000001
 23.2
 -77.01000000000001
 18.48
 -61.34
 -62.73
 -59.62
 -37.1
 -33.67
 -61.3
 -23.83
 -75.06
 -40.57
 -30.93
 27.04000000000001
 23.02
 -58.22
 -63.52
 -67.39
 23
 35.53
 -59.54
 -56.84
 30.48
 1.170000000000002
 30.91
 -16.37
 36.3
 43.70999999999999
 -50.95
 32.5
 -61.45
 -10.68
 -24.86
 9.030000000000001
 22.26000000000001
 35.98
 44.45999999999999
 28.41
 14
 37.92
 -44.06
 48.39
 27.27
 45.56
 -48.95
 42.22
 44.70999999999999
 14.36
 31.48
 -28.76
 -3.770000000000003
 -51.5
 38.77
 52.33
 -14.4
 -25.06
 -51.03
 -41.24
 -55.9
 -48.05
 -57.78
 -46.79
 45.09
 -31.47
 -36.81
 50.75
 48.83
 8.170000000000002
 14.5
 -15.16
 -16.68
 21.59999999999999
 52.77
 53.08
 43.91
 -10.42
 25.84
 47.67
 -47.5
 33.39
 44.98
 -48.79
 -12.78
 42.43000000000001
 -36.89
 -50.51
 37.3
 -37
 -33.8
 -51.09
 -14.87
 -44.46
 -19.54
 -27.43
 -4.75
 -34.94
 -41.44
 -49.27
 44.12
 34.78
 -53.17
 11.88
 -44.8
 -11.23
 51.67
 -33.08
 -38.51
 49.68000000000001
 -25.38
 1.530000000000001
 44.29000000000001
 -28.55
 -30.38
 52.11
 -34.54
 35.31
 35.77
 19.34
 22.92
 19.08
 -39.1
 27.18000000000001
 -8.109999999999999
 47.95999999999999
 -50.55
 -46.74
 -44.53
 5.490000000000002
 37.95999999999999
 50.97
 39.26000000000001
 -33.88
 -48.03
 23.78
 27.81
 35.26000000000001
 23.47
 -19.28
 13.39
 -37.62
 -51.49
 42.36
 45.44
 -35.17
 -46.27
 53.3
 27.88
 -34.6
 -11.45
 -50.9
 -45.72
 -4.460000000000001
 -5.280000000000001
 52.77
 53.33
 15.94
 -23.27
 16.86
 18.27
 -46.66
 41
 33.39
 -51.36
 -18.56
 -26.52
 12.16
 -25.51
 -16.18
 2.420000000000002
 23.73
 -55.95
 11.53
 -35.56
 7.369999999999997
 -11.77
 9.450000000000003
 -25.23
 -37.47
 -49.37
 -8.390000000000001
 -52.14
 33.34
 -31.01
 35.62
 -44.5
 12.4
 34.23
 6.369999999999997
 -47.14
 -38.1
 -42.54
 47.2
 -26.42
 -37.47
 -46.38
 -49.3
 44.98999999999999
 48.45
 44.98999999999999
 50.26000000000001
 -46.43
 31.63
 47.84999999999999
 49.89
 -31.67
 -47.83
 35.8
 -41.61
 -14.06
 40.59
 4.509999999999998
 -57.42
 -43.32
 21.98999999999999
 32.19
 16.63
 32.27
 -33.95
 -46.67
 -8.310000000000002
 -49.67
 -43.62
 -54.51
 -18.87
 -54.85
 38.15000000000001
 -35.23
 4.57
 13.45
 -65.89
 25.84999999999999
 11.31
 -57.03
 -16.77
 19.67
 32.38
 -61.17
 16.94
 23.3
 -55.58
 17.34
 -39.03
 -63.91
 -70.46000000000001
 28.93000000000001
 15.76000000000001
 -1.149999999999999
 15.23
 -75.96000000000001
 -42.69
 -61.6
 21.37
 2.670000000000002
 20.09999999999999
 12.38
 -1.630000000000003
 13.94
 -60.51
 -3.490000000000002
 -13.69
 9.210000000000001
 2.07
 13.16
 -53.03
 -94.14
 -92.95
 -95.45
 3.469999999999999
 -48.24
 8.789999999999999
 3.390000000000001
 -48.16
 15.05
 -52.6
 -42.41
 -73.76000000000001
 -10.18
 -41.38
 -99.47999999999999
 -22.15
 -16
 -92.14
 -99.71000000000001
 -43.62
 -110.33
 -75.47
 -23.92
 -22.04
 -109.75
 -36.08
 -4.549999999999997
 -104.63
 -18.24
 -96.3
 -58.18
 -80.06999999999999
 -25.96
 -62.08
 -63.26
 -80.96000000000001
 -49.78
 -85
 -57.21
 -14.82
 -102.59
 -107.56
 -112.61
 -114.64
 -81.83
 -112.23
 -78.34
 -21.48
 -21.12
 -86.63
 -122.56
 -36.74
 -103.95
 -112.05
 -85.28999999999999
 -26.83
 -50.35
 -24.49
 -32.89
 -20.46
 -30.4
 -23.04
 -101.67
 -52.55
 -31.69
 -95.75
 -37.89
 -19.11
 -97.45
 -54.12
 -118.99
 -70.43000000000001
 -24.52
 -31.43
 -26.78
 -118.82
 -41.66
 -113.29
 -107.92
 -26.78
 -8.479999999999997
 -85.72999999999999
 -77.83
 -66.56
 -87.43000000000001
 -41.21
 -2.659999999999997
 -17.47
 -3.549999999999997
 -92.14
 -77.62
 -84.53
 -102.52
 -0.2199999999999989
 -88.89
 5.369999999999997
 -9.939999999999998
 -55.94
 -30.42
 -35.91
 -36.85
 -81.08
 -73.21000000000001
 -83.52000000000001
 -81.63
 1.210000000000001
 -85.87
 11.08
 -26.54
 -90.64
 -71.94
 22.45999999999999
 -20.09
 -42.24
 -72.03999999999999
 5.979999999999997
 -87.53
 9.159999999999997
 8.450000000000003
 9.030000000000001
 -63.98
 -51
 17.29000000000001
 -5.009999999999998
 -70.41
 -10.02
 -55.56
 -65.62
 27.42
 -0.5399999999999991
 -42.32
 -60.45
 10.28
 -24.55
 25.78
 -19.93
 2.869999999999997
 6.740000000000002
 3.789999999999999
 -56.59
 11.44
 -60.82
 -1.359999999999999
 -43.22
 -47.79
 39.70999999999999
 -48.11
 36.02
 -42.55
 -35.31
 41.42
 -50.51
 43.12
 49.39
 31.36
 -7.079999999999998
 -36.01
 47.68000000000001
 -16.94
 12.99
 39.14
 -20.5
 -34.07
 48.87
 34.66
 50.86
 44.09999999999999
 63
 55.75
 -11.58
 -17.34
 38.53
 -47.37
 50.03
 -35.88
 -19.73
 -9.399999999999999
 60.14
 40.43000000000001
 18.08
 14.62
 51.08
 -28.1
 -31.27
 66.26000000000001
 -34.23
 -1.719999999999999
 64.59999999999999
 43.56999999999999
 17.62
 56.55
 -28.53
 32.36
 -24.64
 58.47
 71.98999999999999
 -17.24
 -21.82
 -23.82
 64.98
 2.259999999999998
 65.48999999999999
 69.16
 0.5600000000000023
 4.649999999999999
 2.329999999999998
 63.64
 79.40000000000001
 -12.54
 -5.579999999999998
 77.8
 33.90000000000001
 12.9
 76.59999999999999
 -2.909999999999997
 25
 -20.3
 77.48
 69.72
 -13.03
 67.59
 77.86
 35.55
 74.45
 76.72
 41.42
 72.81
 -1.399999999999999
 -16.17
 61.62
 80.19999999999999
 41.41
 20.59
 85.99000000000001
 -8.5
 88.90000000000001
 53.09999999999999
 31.15000000000001
 92.06
 92.24000000000001
 27.05
 63.34999999999999
 100.85
 -7.509999999999998
 39.13
 2.549999999999997
 68.45999999999999
 89.27000000000001
 83.13999999999999
 24.08
 0.9099999999999966
 81.22
 94.80000000000001
 15.73
 100.93
 99.93000000000001
 72.45999999999999
 86.59
 49.84999999999999
 87.87
 19.58
 36.98
 92.55000000000001
 74.29000000000001
 43.90000000000001
 93.97
 20.28
 62.04000000000001
 27.68000000000001
 102.26
 63.92
 105.62
 97.86000000000001
 22.22
 79.11000000000001
 57.48999999999999
 61.29000000000001
 36.33
 43.25
 115.9
 78.38
 74.75
 118.12
 110.38
 25.73999999999999
 56.63
 120.17
 103.44
 20.54000000000001
 36.38
 113.98
 22.04000000000001
 88.36000000000001
 27.22
 114.8
 120.04
 84.66999999999999
 22.86
 79.31999999999999
 70.67
 35.68000000000001
 67.93000000000001
 63.67
 128.03
 117.88
 61.27
 121.64
 121.47
 44.92
 108.37
 122.27
 75.04000000000001
 136.22
 36.38
 41.84999999999999
 150.89
 102.43
 84.94
 106.61
 91.66999999999999
 67.42
 30.38
 62.38
 88.58000000000001
 128.87
 136.15
 35.15000000000001
 131.24
 32.73999999999999
 43.06
 88.69999999999999
 123.11
 38.14
 75.15000000000001
 104.04
 46.79000000000001
 73.88
 125.95
 134.05
 28.81999999999999
 78.53
 133.95
 60.62
 133.94
 33.75
 117.29
 105.07
 125.94
 121.14
 47.61
 125.39
 49.79000000000001
 124.46
 40.79000000000001
 135.83
 119.92
 40.77
 129.65
 28.36
 123.1
 49.56
 91.22
 71.68000000000001
 139.37
 125.14
 115.52
 60.92
 36.2
 74.53
 72.09
 116.6
 68.36
 111
 142.84
 129.21
 41.47
 53.09
 31.5
 119.37
 85.59
 38.58
 106.45
 40.18000000000001
 50.70999999999999
 54.40000000000001
 34.64
 35.01000000000001
 126.31
 83.22
 129.17
 61.06999999999999
 49.34
 44.26000000000001
 104.56
 51.95
 124.85
 38.22
 124.24
 93.58000000000001
 115.2
 29
 40.06999999999999
 26.23
 97.03999999999999
 24.51000000000001
 22.98999999999999
 118
 44.59
 28.84
 34.73999999999999
 64.52
 107.94
 80.47999999999999
 66.87
 27.69
 24.03
 117.16
 18.87
 23.04000000000001
 88.77000000000001
 21.93000000000001
 64.59
 26.26000000000001
 123.15
 106.37
 100.41
 115.88
 84.86000000000001
 72.23
 102.48
 106.81
 67.05
 104.36
 3.82
 103.53
 69.31
 79.30000000000001
 100.77
 1.909999999999997
 13.06
 95.68000000000001
 61.94
 49.59
 2.630000000000003
 89.09
 103.83
 2.340000000000003
 99.66
 95.88
 24.76000000000001
 34.61
 -1.259999999999998
 -7.039999999999999
 18.86
 98.30000000000001
 -4.119999999999997
 1.420000000000002
 37.65000000000001
 8.170000000000002
 23.75
 -9.369999999999997
 -7.259999999999998
 93.62
 64.7
 81.69
 -0.4799999999999969
 81.06999999999999
 43.45
 18.59
 67.45999999999999
 30.03
 86.02000000000001
 67.03
 43.2
 20.69
 78.71000000000001
 72.76000000000001
 -5.340000000000003
 13.56
 51.31
 -12.9
 -10.44
 76.84
 51.42
 -20.18
 27.5
 37
 71.20999999999999
 58.37
 43.48999999999999
 75.06999999999999
 80.55000000000001
 64.52
 17.5
 -26.3
 -30.06
 45.05
 64.18000000000001
 -32.68
 59.17
 -38.66
 59.45
 -26.43
 0.1700000000000017
 57.77
 65.15000000000001
 64.67
 -22.8
 4.719999999999999
 -2.369999999999997
 -15.64
 57.43000000000001
 27.3
 -24.82
 -2.700000000000003
 23.18000000000001
 -47.61
 -48.4
 55.2
 57.04000000000001
 42.95999999999999
 21.53
 49.73
 -39.31
 10.59
 -9.25
 -40.28
 12.54
 41.29000000000001
 -4.310000000000002
 29.51000000000001
 -25.13
 41.52
 -6.890000000000001
 -51.52
 -64.98999999999999
 -60.73
 -63.13
 -64.34
 -59.63
 12.7
 -51.96
 -73.31
 21
 20.48
 -79
 -53.37
 11.4
 19.98
 22.56
 -78.19
 -55.9
 12.56
 16.25
 -76.88
 -69.55
 15.5
 -49.7
 7.759999999999998
 -87.15000000000001
 -3.899999999999999
 -60.8
 -25.19
 -38.19
 -2
 -15.38
 -91.97999999999999
 -64.94
 -45.2
 -7.859999999999999
 -22.38
 -15.47
 2.520000000000003
 -99.78
 -11.11
 -105.37
 -90.06
 -44.06
 -69.58
 -64.09
 -63.15
 -18.92
 -26.79
 -16.48
 -18.37
 -101.21
 -14.13
 -111.08
 -73.46000000000001
 -9.359999999999999
 -28.06
 -122.46
 -79.91
 -57.76
 -27.96
 -105.98
 -12.47
 -109.16
 -108.45
 -109.03
 -36.02
 -49
 -117.29
 -94.99000000000001
 -29.59
 -89.97999999999999
 -44.44
 -34.38
 -127.42
 -99.46000000000001
 -57.68
 -39.55
 -110.28
 -75.45
 -125.78
 -80.06999999999999
 -102.87
 -106.74
 -103.79
 -43.41
 -111.44
 -39.18
 -98.64
 -56.78
 -52.21
 -139.71
 -51.89
 -136.02
 -57.45
 -64.69
 -141.42
 -49.49
 -143.12
 -149.39
 -131.36
 -92.92
 -63.99
 -147.68
 -83.06
 -112.99
 -139.14
 -79.5
 -65.93000000000001
 -148.87
 -134.66
 -150.86
 -144.1
 -163
 -155.75
 -88.42
 -82.66
 -138.53
 -52.63
 -150.03
 -64.12
 -80.27
 -90.59999999999999
 -160.14
 -140.43
 -118.08
 -114.62
 -151.08
 -71.90000000000001
 -68.73
 -166.26
 -65.77
 -98.28
 -164.6
 -143.57
 -117.62
 -156.55
 -71.47
 -132.36
 -75.36
 -158.47
 -171.99
 -82.75999999999999
 -78.18000000000001
 -76.18000000000001
 -164.98
 -102.26
 -165.49
 -169.16
 -100.56
 -104.65
 -102.33
 -163.64
 -179.4
 -87.46000000000001
 -94.42
 -177.8
 -133.9
 -112.9
 -176.6
 -97.09
 -125
 -79.7
 -177.48
 -169.72
 -86.97
 -167.59
 -177.86
 -135.55
 -174.45
 -176.72
 -141.42
 -172.81
 -98.59999999999999
 -83.83
 -161.62
 -180.2
 -141.41
 -120.59
 -185.99
 -91.5
 -188.9
 -153.1
 -131.15
 -192.06
 -192.24
 -127.05
 -163.35
 -200.85
 -92.49000000000001
 -139.13
 -102.55
 -168.46
 -189.27
 -183.14
 -124.08
 -100.91
 -181.22
 -194.8
 -115.73
 -200.93
 -199.93
 -172.46
 -186.59
 -149.85
 -187.87
 -119.58
 -136.98
 -192.55
 -174.29
 -143.9
 -193.97
 -120.28
 -162.04
 -127.68
 -202.26
 -163.92
 -205.62
 -197.86
 -122.22
 -179.11
 -157.49
 -161.29
 -136.33
 -143.25
 -215.9
 -178.38
 -174.75
 -218.12
 -210.38
 -125.74
 -156.63
 -220.17
 -203.44
 -120.54
 -136.38
 -213.98
 -122.04
 -188.36
 -127.22
 -214.8
 -220.04
 -184.67
 -122.86
 -179.32
 -170.67
 -135.68
 -167.93
 -163.67
 -228.03
 -217.88
 -161.27
 -221.64
 -221.47
 -144.92
 -208.37
 -222.27
 -175.04
 -236.22
 -136.38
 -141.85
 -250.89
 -202.43
 -184.94
 -206.61
 -191.67
 -167.42
 -130.38
 -162.38
 -188.58
 -228.87
 -236.15
 -135.15
 -231.24
 -132.74
 -143.06
 -188.7
 -223.11
 -138.14
 -175.15
 -204.04
 -146.79
 -173.88
 -225.95
 -234.05
 -128.82
 -178.53
 -233.95
 -160.62
 -233.94
 -133.75
 -217.29
 -205.07
 -225.94
 -221.14
 -147.61
 -225.39
 -149.79
 -224.46
 -140.79
 -235.83
 -219.92
 -140.77
 -229.65
 -128.36
 -223.1
 -149.56
 -191.22
 -171.68
 -239.37
 -225.14
 -215.52
 -160.92
 -136.2
 -174.53
 -172.09
 -216.6
 -168.36
 -211
 -242.84
 -229.21
 -141.47
 -153.09
 -131.5
 -219.37
 -185.59
 -138.58
 -206.45
 -140.18
 -150.71
 -154.4
 -134.64
 -135.01
 -226.31
 -183.22
 -229.17
 -161.07
 -149.34
 -144.26
 -204.56
 -151.95
 -224.85
 -138.22
 -224.24
 -193.58
 -215.2
 -129
 -140.07
 -126.23
 -197.04
 -124.51
 -122.99
 -218
 -144.59
 -128.84
 -134.74
 -164.52
 -207.94
 -180.48
 -166.87
 -127.69
 -124.03
 -217.16
 -118.87
 -123.04
 -188.77
 -121.93
 -164.59
 -126.26
 -223.15
 -206.37
 -200.41
 -215.88
 -184.86
 -172.23
 -202.48
 -206.81
 -167.05
 -204.36
 -103.82
 -203.53
 -169.31
 -179.3
 -200.77
 -101.91
 -113.06
 -195.68
 -161.94
 -149.59
 -102.63
 -189.09
 -203.83
 -102.34
 -199.66
 -195.88
 -124.76
 -134.61
 -98.74000000000001
 -92.96000000000001
 -118.86
 -198.3
 -95.88
 -101.42
 -137.65
 -108.17
 -123.75
 -90.63
 -92.74000000000001
 -193.62
 -164.7
 -181.69
 -99.52000000000001
 -181.07
 -143.45
 -118.59
 -167.46
 -130.03
 -186.02
 -167.03
 -143.2
 -120.69
 -178.71
 -172.76
 -94.66
 -113.56
 -151.31
 -87.09999999999999
 -89.56
 -176.84
 -151.42
 -79.81999999999999
 -127.5
 -137
 -171.21
 -158.37
 -143.49
 -175.07
 -180.55
 -164.52
 -117.5
 -73.7
 -69.94
 -145.05
 -164.18
 -67.31999999999999
 -159.17
 -61.34
 -159.45
 -73.56999999999999
 -100.17
 -157.77
 -165.15
 -164.67
 -77.2
 -104.72
 -97.63
 -84.36
 -157.43
 -127.3
 -75.18000000000001
 -97.3
 -123.18
 -52.39
 -51.6
 -155.2
 -157.04
 -142.96
 -121.53
 -149.73
 -60.69
 -110.59
 -90.75
 -59.72
 -112.54
 -141.29
 -95.69
 -129.51
 -74.87
 -141.52
 -93.11
 -48.48
 -35.01
 -39.27
 -36.87
 -35.66
 -40.37
 -112.7
 -48.04
 -26.69
 -121
 -120.48
 -21
 -46.63
 -111.4
 -119.98
 -122.56
 -21.81
 -44.1
 -112.56
 -116.25
 -23.12
 -30.45
 -115.5
 -50.3
 -107.76
 -12.85
 -96.09999999999999
 -39.2
 -74.81
 -61.81
 -98
 -84.62
 -8.020000000000003
 -35.06
 -54.8
 -68.08
 -100.14
 -33.68
 -93.71000000000001
 -20.14
 -22.73
 -112.8
 -116.35
 -47.94
 -104.96
 -42.65
 -107.28
 -31.26
 -100.8
 -15.87
 -36.92
 -99.40000000000001
 -84.72999999999999
 -70.42
 10.39
 3.880000000000003
 13
 -76.84
 5.799999999999997
 20.33
 -34.7
 -65.89
 9.640000000000001
 -6.32
 -57.54
 2.950000000000003
 1.369999999999997
 -45.97
 26
 38.37
 -58.24
 36.55
 -31.5
 42.54000000000001
 -25.94
 43.11
 -17.12
 -15.51
 -22.01
 -13.1
 -23.02
 51.17
 -44.28
 21.15000000000001
 -43.48
 53.81999999999999
 55.98
 61.03
 21.23
 -28.58
 15.44
 62.55
 61.64
 64.86
 34.42
 -34.97
 70.23999999999999
 -2.960000000000001
 60.73
 71.36
 81.81
 74.93000000000001
 -8.710000000000001
 84.69
 -9.219999999999999
 17.70999999999999
 35.34999999999999
 58.61
 84.91
 71.94
 6.469999999999999
 83.16
 3.060000000000002
 -10.74
 19.31999999999999
 56.63
 49.98
 45.78
 2.590000000000003
 37.08
 101.04
 74.83
 97.91
 7.259999999999998
 55.39
 42.72
 46.13
 64.43000000000001
 109.71
 84.38
 49.81
 90.02000000000001
 91.59999999999999
 18.12
 13.97
 35.97
 113.38
 120.41
 55.2
 122
 24.09
 123.05
 132.69
 68.3
 112.85
 131.66
 58.28
 102.59
 138.92
 61.51000000000001
 35.69
 86.84999999999999
 136.75
 55.42
 66.95
 67.58
 148.27
 68.13
 120.84
 148.62
 97.12
 74.68000000000001
 103.22
 56.47
 137.72
 156.58
 84.02000000000001
 72.56
 165.42
 82.84
 66.73
 85.63
 122.61
 113.85
 89.69999999999999
 128.44
 76.12
 159.62
 115.09
 132.34
 184.05
 90.88999999999999
 180.38
 114.29
 134.63
 158.94
 148.22
 105.61
 189.42
 98.61000000000001
 94.16999999999999
 119.76
 122.81
 151.29
 108.71
 181.28
 131.37
 177.24
 109.26
 103.04
 204.49
 111.48
 119.41
 190.83
 142.39
 122.75
 165.31
 137.41
 214.57
 138.54
 161.13
 125.82
 129.96
 172.05
 134.4
 209.81
 130.18
 176.81
 129.25
 132.89
 145.55
 136.34
 195.8
 232.61
 241.98
 137.47
 161.84
 142.37
 225
 172.16
 199.1
 179.87
 212.87
 241.43
 237.5
 157.06
 144.9
 245.05
 209.66
 155.35
 146.29
 153.57
 243.6
 170.65
 171.26
 233.73
 195.09
 246.58
 227.78
 187.79
 252.95
 187.92
 250.92
 250.56
 241.03
 172.57
 153.66
 189.97
 256.89
 156.72
 158.65
 161.8
 249.94
 248.38
 176.57
 155.26
 164.85
 190.48
 234.52
 253.25
 167.12
 255.77
 258.01
 203.58
 264.46
 156.39
 177.58
 159.91
 165.33
 180.39
 169.28
 202.4
 252.74
 176.91
 161.73
 254.51
 192.14
 251.66
 220.07
 202.56
 155.97
 248.84
 200.31
 190.09
 154.5
 205.29
 254.12
 162.77
 236.68
 242.77
 175.35
 179.57
 252.55
 166.3
 149.09
 230.84
 165.56
 173.09
 234.15
 135.7
 232.01
 160.71
 218.67
 221.36
 152.19
 160.51
 160.93
 234.35
 223.75
 205.87
 212.34
 174.97
 125.75
 129.19
 136.86
 173.84
 177.3
 209.73
 121.97
 219.14
 208.8
 152.18
 208.18
 213.01
 219.2
 117.44
 162.8
 214.41
 208.96
 197.36
 116
 95.22
 206.16
 105.55
 112.14
 186.87
 198.35
 110.98
 113.74
 101.35
 187.51
 95.38999999999999
 158.92
 135.79
 96.18000000000001
 114.14
 86.56
 93.59999999999999
 112.8
 168.36
 174.23
 118.67
 179.65
 126.15
 123.15
 170.5
 83.16999999999999
 79.41
 68.41
 105.65
 89.63
 152.18
 107.8
 167.41
 69.93000000000001
 90.06
 54.86
 154.16
 148.45
 81.68000000000001
 118.82
 150.09
 103.72
 83.36000000000001
 50.12
 48.89
 58.27
 122.07
 39.64
 79.16999999999999
 49.73999999999999
 41.8
 40.54000000000001
 38.56
 88.36000000000001
 31.88
 58.28
 120.35
 115.72
 82.63999999999999
 22.58
 79.77000000000001
 16.34999999999999
 118.8
 84.13
 20.75
 101.07
 25.95999999999999
 118.73
 33.34
 16.64
 36.59
 43.16
 25.45999999999999
 71.22
 110.44
 11.5
 86.18000000000001
 11.84
 80
 3.439999999999998
 26.83
 83.66999999999999
 91.80000000000001
 -1.439999999999998
 -6.329999999999998
 77.69
 -10.01
 91.31999999999999
 8.399999999999999
 13.36
 82.63999999999999
 16.86
 80.62
 19.83
 -10.94
 -18.36
 56.18000000000001
 25.23
 16.27
 78.81
 -32.03
 -28.52
 -25.7
 66.98
 -16.28
 32.36
 -27.13
 -27.48
 47.53
 16.87
 -44.59
 -43.21
 -21.4
 40.83
 41.33
 -34.63
 41.95999999999999
 -53.54
 -65.65000000000001
 -69.58
 29.8
 25.69
 -72.17
 -47.37
 -79.86
 -77.27
 12.8
 16.34999999999999
 -52.06
 4.960000000000001
 -57.35
 7.280000000000001
 -68.73999999999999
 0.7999999999999972
 -84.13
 -63.08
 -0.6000000000000014
 -15.27
 -29.58
 -110.39
 -103.88
 -113
 -23.16
 -105.8
 -120.33
 -65.3
 -34.11
 -109.64
 -93.68000000000001
 -42.46
 -102.95
 -101.37
 -54.03
 -126
 -138.37
 -41.76
 -136.55
 -68.5
 -142.54
 -74.06
 -143.11
 -82.88
 -84.49000000000001
 -77.98999999999999
 -86.90000000000001
 -76.98
 -151.17
 -55.72
 -121.15
 -56.52
 -153.82
 -155.98
 -161.03
 -121.23
 -71.42
 -115.44
 -162.55
 -161.64
 -164.86
 -134.42
 -65.03
 -170.24
 -97.03999999999999
 -160.73
 -171.36
 -181.81
 -174.93
 -91.28999999999999
 -184.69
 -90.78
 -117.71
 -135.35
 -158.61
 -184.91
 -171.94
 -106.47
 -183.16
 -103.06
 -89.25999999999999
 -119.32
 -156.63
 -149.98
 -145.78
 -102.59
 -137.08
 -201.04
 -174.83
 -197.91
 -107.26
 -155.39
 -142.72
 -146.13
 -164.43
 -209.71
 -184.38
 -149.81
 -190.02
 -191.6
 -118.12
 -113.97
 -135.97
 -213.38
 -220.41
 -155.2
 -222
 -124.09
 -223.05
 -232.69
 -168.3
 -212.85
 -231.66
 -158.28
 -202.59
 -238.92
 -161.51
 -135.69
 -186.85
 -236.75
 -155.42
 -166.95
 -167.58
 -248.27
 -168.13
 -220.84
 -248.62
 -197.12
 -174.68
 -203.22
 -156.47
 -237.72
 -256.58
 -184.02
 -172.56
 -265.42
 -182.84
 -166.73
 -185.63
 -222.61
 -213.85
 -189.7
 -228.44
 -176.12
 -259.62
 -215.09
 -232.34
 -284.05
 -190.89
 -280.38
 -214.29
 -234.63
 -258.94
 -248.22
 -205.61
 -289.42
 -198.61
 -194.17
 -219.76
 -222.81
 -251.29
 -208.71
 -281.28
 -231.37
 -277.24
 -209.26
 -203.04
 -304.49
 -211.48
 -219.41
 -290.83
 -242.39
 -222.75
 -265.31
 -237.41
 -314.57
 -238.54
 -261.13
 -225.82
 -229.96
 -272.05
 -234.4
 -309.81
 -230.18
 -276.81
 -229.25
 -232.89
 -245.55
 -236.34
 -295.8
 -332.61
 -341.98
 -237.47
 -261.84
 -242.37
 -325
 -272.16
 -299.1
 -279.87
 -312.87
 -341.43
 -337.5
 -257.06
 -244.9
 -345.05
 -309.66
 -255.35
 -246.29
 -253.57
 -343.6
 -270.65
 -271.26
 -333.73
 -295.09
 -346.58
 -327.78
 -287.79
 -352.95
 -287.92
 -350.92
 -350.56
 -341.03
 -272.57
 -253.66
 -289.97
 -356.89
 -256.72
 -258.65
 -261.8
 -349.94
 -348.38
 -276.57
 -255.26
 -264.85
 -290.48
 -334.52
 -353.25
 -267.12
 -355.77
 -358.01
 -303.58
 -364.46
 -256.39
 -277.58
 -259.91
 -265.33
 -280.39
 -269.28
 -302.4
 -352.74
 -276.91
 -261.73
 -354.51
 -292.14
 -351.66
 -320.07
 -302.56
 -255.97
 -348.84
 -300.31
 -290.09
 -254.5
 -305.29
 -354.12
 -262.77
 -336.68
 -342.77
 -275.35
 -279.57
 -352.55
 -266.3
 -249.09
 -330.84
 -265.56
 -273.09
 -334.15
 -235.7
 -332.01
 -260.71
 -318.67
 -321.36
 -252.19
 -260.51
 -260.93
 -334.35
 -323.75
 -305.87
 -312.34
 -274.97
 -225.75
 -229.19
 -236.86
 -273.84
 -277.3
 -309.73
 -221.97
 -319.14
 -308.8
 -252.18
 -308.18
 -313.01
 -319.2
 -217.44
 -262.8
 -314.41
 -308.96
 -297.36
 -216
 -195.22
 -306.16
 -205.55
 -212.14
 -286.87
 -298.35
 -210.98
 -213.74
 -201.35
 -287.51
 -195.39
 -258.92
 -235.79
 -196.18
 -214.14
 -186.56
 -193.6
 -212.8
 -268.36
 -274.23
 -218.67
 -279.65
 -226.15
 -223.15
 -270.5
 -183.17
 -179.41
 -168.41
 -205.65
 -189.63
 -252.18
 -207.8
 -267.41
 -169.93
 -190.06
 -154.86
 -254.16
 -248.45
 -181.68
 -218.82
 -250.09
 -203.72
 -183.36
 -150.12
 -148.89
 -158.27
 -222.07
 -139.64
 -179.17
 -149.74
 -141.8
 -140.54
 -138.56
 -188.36
 -131.88
 -158.28
 -220.35
 -215.72
 -182.64
 -122.58
 -179.77
 -116.35
 -218.8
 -184.13
 -120.75
 -201.07
 -125.96
 -218.73
 -133.34
 -116.64
 -136.59
 -143.16
 -125.46
 -171.22
 -210.44
 -111.5
 -186.18
 -111.84
 -180
 -103.44
 -126.83
 -183.67
 -191.8
 -98.56
 -93.67
 -177.69
 -89.99000000000001
 -191.32
 -108.4
 -113.36
 -182.64
 -116.86
 -180.62
 -119.83
 -89.06
 -81.64
 -156.18
 -125.23
 -116.27
 -178.81
 -67.97
 -71.48
 -74.3
 -166.98
 -83.72
 -132.36
 -72.87
 -72.52
 -147.53
 -116.87
 -55.41
 -56.79
 -78.59999999999999
 -140.83
 -141.33
 -65.37
 -141.96
 -46.46
 -34.35
 -30.42
 -129.8
 -125.69
 -27.83
 -52.63
 -68.84
 -116.16
 -18.46
 -108.87
 -81.7
 -79.03
 -105.72
 -93.38
 -15.69
 -61.27
 -71.75
 -101.46
 -86.06999999999999
 -50.01
 -44.53
 -23.56
 -23.81
 -90.44
 -26.88
 -24.51
 -95.06999999999999
 3.490000000000002
 -83.58
 -42.62
 15.55
 -66.98
 12.2
 -24.25
 -39.49
 30.76000000000001
 -14.13
 33.69
 -0.9799999999999969
 54.75
 -45.01
 -16.69
 67.06999999999999
 18.70999999999999
 58.36
 44.91
 -22.7
 -1.560000000000002
 35.31999999999999
 74.94
 0.2100000000000009
 76.11
 62.37
 -13.88
 9.600000000000001
 63.93000000000001
 82.66999999999999
 90.21000000000001
 -2.280000000000001
 -4.850000000000001
 86.49000000000001
 18.53
 63.03
 103.74
 105.54
 26.98
 29.45999999999999
 24.34
 33.25
 59.90000000000001
 91.53999999999999
 108.35
 45.23
 49.23999999999999
 71.73
 125.45
 44.94
 132.86
 131.62
 87.62
 100.03
 49.04000000000001
 38.97
 101.8
 77.98
 49.55
 72.44
 94.13
 96.47
 153.16
 107.31
 154.86
 158.5
 169.22
 81.19999999999999
 94.99000000000001
 153.61
 124.17
 118.69
 154.97
 158.6
 78.74000000000001
 179.33
 93.28999999999999
 103.34
 188.2
 90.75999999999999
 185.84
 142.18
 119.3
 97.38
 106.11
 151.55
 205.83
 106.05
 170.22
 208.31
 110.79
 165.75
 131.15
 207.45
 216.45
 121.76
 198.78
 232.89
 220.97
 148.49
 218.73
 195.75
 225.68
 167.55
 212.69
 236.45
 182.12
 197.8
 241.9
 165.19
 163.35
 199.04
 253.73
 194.04
 246.25
 250.99
 265.01
 262.82
 210.01
 246.29
 279.72
 236.41
 174.29
 260.17
 207.64
 187.86
 197.84
 259.68
 291.78
 201.89
 291.78
 202.54
 201.16
 241.12
 247.04
 213.32
 216.92
 287.4
 257.71
 263.6
 297.84
 307.55
 217.48
 253.38
 295.54
 266.29
 297.11
 241.16
 279.25
 229.58
 249.61
 342.54
 253.52
 239.26
 310.35
 259.48
 326.27
 340.74
 287.39
 331.35
 337.86
 329.44
 299.27
 327.2
 267.99
 323.88
 309.6
 265.36
 282.22
 264.4
 306.78
 291.42
 327.41
 354.87
 303.17
 272.3
 284.29
 341.6
 358.87
 301.73
 303.75
 262.11
 282.37
 352.11
 291.64
 345.26
 276.09
 292.58
 357.67
 275.24
 343.09
 275.53
 339.32
 284.03
 278.34
 327.22
 328.81
 366.68
 287.29
 363.3
 277.32
 373.33
 345.77
 271.51
 363.83
 270.45
 268.04
 280.8
 275.38
 363.6
 307.19
 263.24
 315.14
 324.35
 302.68
 351.67
 283.28
 276.59
 347.99
 329.42
 272.88
 270.18
 358.7
 330.92
 268.64
 352.4
 320.03
 274.33
 287.72
 248.37
 344.65
 343.83
 296.77
 253.69
 289.97
 269.42
 250.24
 250.86
 285.34
 325.75
 349.61
 268.46
 298.42
 256.62
 328.23
 233.46
 235.78
 239.44
 283.65
 317.67
 278.07
 224.78
 257.75
 316
 227.88
 219.34
 253.54
 229.06
 220.44
 236.86
 307.5
 204.23
 280.5
 281.13
 268.13
 193
 302.34
 197.75
 273.8
 283.9
 238.66
 221.37
 189.08
 258.29
 186.42
 254.48
 261
 180.29
 187
 266.19
 188.07
 254.43
 173.72
 194.65
 170.95
 165.38
 161.09
 247.63
 223.96
 163.9
 241.07
 206.56
 164.76
 213.28
 236.91
 225.04
 243.78
 226.05
 198.58
 225.07
 150.47
 127.01
 130.26
 212.32
 220.41
 213.92
 116.19
 123.36
 206.3
 171.75
 204.6
 124.02
 199.45
 105.87
 169.73
 196.25
 118.53
 164.35
 182.11
 98.99000000000001
 163.88
 176.74
 79.55000000000001
 158.53
 88.16999999999999
 174.86
 168.92
 75
 147.58
 72.53
 64.63
 163.13
 74.14
 56.95
 144.9
 78.37
 126.46
 153.06
 150.32
 66.44
 60.26000000000001
 46.36
 142.42
 40.75
 126.24
 73.34
 96.13999999999999
 117
 25.31
 126.8
 131.16
 30.33
 18.98999999999999
 16.20999999999999
 30.81
 13.12
 4.600000000000001
 75.81
 5.850000000000001
 1.130000000000003
 -0.1599999999999966
 26
 -5.020000000000003
 11.44
 90.27000000000001
 45.11
 46.59
 33.56
 -7.57
 -29.55
 -16.68
 71.06999999999999
 39.90000000000001
 -35.15
 -25.37
 -50.5
 42.34
 -32.88
 -44.23
 6.32
 -24.57
 -0.5200000000000031
 -1.82
 -61.88
 10.86
 -67.23999999999999
 21.18000000000001
 -67.3
 12.65
 -79.02
 -80.56999999999999
 -98.56999999999999
 -74.48999999999999
 -55.47
 -76.44
 -76.19
 -9.560000000000002
 -73.12
 -75.48999999999999
 -4.93
 -103.49
 -16.42
 -57.38
 -115.55
 -33.02
 -112.2
 -75.75
 -60.51
 -130.76
 -85.87
 -133.69
 -99.02000000000001
 -154.75
 -54.99
 -83.31
 -167.07
 -118.71
 -158.36
 -144.91
 -77.3
 -98.44
 -135.32
 -174.94
 -100.21
 -176.11
 -162.37
 -86.12
 -109.6
 -163.93
 -182.67
 -190.21
 -97.72
 -95.15000000000001
 -186.49
 -118.53
 -163.03
 -203.74
 -205.54
 -126.98
 -129.46
 -124.34
 -133.25
 -159.9
 -191.54
 -208.35
 -145.23
 -149.24
 -171.73
 -225.45
 -144.94
 -232.86
 -231.62
 -187.62
 -200.03
 -149.04
 -138.97
 -201.8
 -177.98
 -149.55
 -172.44
 -194.13
 -196.47
 -253.16
 -207.31
 -254.86
 -258.5
 -269.22
 -181.2
 -194.99
 -253.61
 -224.17
 -218.69
 -254.97
 -258.6
 -178.74
 -279.33
 -193.29
 -203.34
 -288.2
 -190.76
 -285.84
 -242.18
 -219.3
 -197.38
 -206.11
 -251.55
 -305.83
 -206.05
 -270.22
 -308.31
 -210.79
 -265.75
 -231.15
 -307.45
 -316.45
 -221.76
 -298.78
 -332.89
 -320.97
 -248.49
 -318.73
 -295.75
 -325.68
 -267.55
 -312.69
 -336.45
 -282.12
 -297.8
 -341.9
 -265.19
 -263.35
 -299.04
 -353.73
 -294.04
 -346.25
 -350.99
 -365.01
 -362.82
 -310.01
 -346.29
 -379.72
 -336.41
 -274.29
 -360.17
 -307.64
 -287.86
 -297.84
 -359.68
 -391.78
 -301.89
 -391.78
 -302.54
 -301.16
 -341.12
 -347.04
 -313.32
 -316.92
 -387.4
 -357.71
 -363.6
 -397.84
 -407.55
 -317.48
 -353.38
 -395.54
 -366.29
 -397.11
 -341.16
 -379.25
 -329.58
 -349.61
 -442.54
 -353.52
 -339.26
 -410.35
 -359.48
 -426.27
 -440.74
 -387.39
 -431.35
 -437.86
 -429.44
 -399.27
 -427.2
 -367.99
 -423.88
 -409.6
 -365.36
 -382.22
 -364.4
 -406.78
 -391.42
 -427.41
 -454.87
 -403.17
 -372.3
 -384.29
 -441.6
 -458.87
 -401.73
 -403.75
 -362.11
 -382.37
 -452.11
 -391.64
 -445.26
 -376.09
 -392.58
 -457.67
 -375.24
 -443.09
 -375.53
 -439.32
 -384.03
 -378.34
 -427.22
 -428.81
 -466.68
 -387.29
 -463.3
 -377.32
 -473.33
 -445.77
 -371.51
 -463.83
 -370.45
 -368.04
 -380.8
 -375.38
 -463.6
 -407.19
 -363.24
 -415.14
 -424.35
 -402.68
 -451.67
 -383.28
 -376.59
 -447.99
 -429.42
 -372.88
 -370.18
 -458.7
 -430.92
 -368.64
 -452.4
 -420.03
 -374.33
 -387.72
 -348.37
 -444.65
 -443.83
 -396.77
 -353.69
 -389.97
 -369.42
 -350.24
 -350.86
 -385.34
 -425.75
 -449.61
 -368.46
 -398.42
 -356.62
 -428.23
 -333.46
 -335.78
 -339.44
 -383.65
 -417.67
 -378.07
 -324.78
 -357.75
 -416
 -327.88
 -319.34
 -353.54
 -329.06
 -320.44
 -336.86
 -407.5
 -304.23
 -380.5
 -381.13
 -368.13
 -293
 -402.34
 -297.75
 -373.8
 -383.9
 -338.66
 -321.37
 -289.08
 -358.29
 -286.42
 -354.48
 -361
 -280.29
 -287
 -366.19
 -288.07
 -354.43
 -273.72
 -294.65
 -270.95
 -265.38
 -261.09
 -347.63
 -323.96
 -263.9
 -341.07
 -306.56
 -264.76
 -313.28
 -336.91
 -325.04
 -343.78
 -326.05
 -298.58
 -325.07
 -250.47
 -227.01
 -230.26
 -312.32
 -320.41
 -313.92
 -216.19
 -223.36
 -306.3
 -271.75
 -304.6
 -224.02
 -299.45
 -205.87
 -269.73
 -296.25
 -218.53
 -264.35
 -282.11
 -198.99
 -263.88
 -276.74
 -179.55
 -258.53
 -188.17
 -274.86
 -268.92
 -175
 -247.58
 -172.53
 -164.63
 -263.13
 -174.14
 -156.95
 -244.9
 -178.37
 -226.46
 -253.06
 -250.32
 -166.44
 -160.26
 -146.36
 -242.42
 -140.75
 -226.24
 -173.34
 -196.14
 -217
 -125.31
 -226.8
 -231.16
 -130.33
 -118.99
 -116.21
 -130.81
 -113.12
 -104.6
 -175.81
 -105.85
 -101.13
 -99.84
 -126
 -94.97999999999999
 -111.44
 -190.27
 -145.11
 -146.59
 -133.56
 -92.43000000000001
 -70.45
 -83.31999999999999
 -171.07
 -139.9
 -64.84999999999999
 -74.63
 -49.5
 -142.34
 -67.12
 -55.77
 -106.32
 -75.43000000000001
 -99.47999999999999
 -98.18000000000001
 -38.12
 -110.86
 -32.76000000000001
 -121.18
 -32.7
 -112.65
 -20.98
 -19.43
 -1.43
 -25.51
 -103.73
 -68.71000000000001
 -23.4
 -30.3
 -29.33
 -24.3
 -22.98
 -33.87
 15.76000000000001
 -69.98
 -74.86
 25.28
 25.06999999999999
 -40.74
 -17.98
 -9.899999999999999
 -20.97
 -49.71
 -31.45
 1.549999999999997
 59.68000000000001
 50.14
 6.640000000000001
 67.08
 13.43
 78.09999999999999
 83.34999999999999
 79.06
 79.80000000000001
 7.490000000000002
 89.59999999999999
 20.33
 12.48
 8.490000000000002
 12.97
 26.03
 77.22
 39.01000000000001
 94.28
 35.59
 56.36
 84.77000000000001
 86.75
 142.06
 92.31999999999999
 143.78
 154.22
 146.83
 148.54
 60.69
 61.08
 156.56
 162.82
 126.98
 153.08
 168.14
 95.03
 97.75999999999999
 104.92
 178.04
 189.34
 112.49
 98.90000000000001
 194.6
 190.23
 198.09
 187.85
 111.13
 152.21
 194.9
 187.59
 219.13
 225.61
 219.25
 128.95
 198.07
 185.81
 150.27
 231.99
 137.51
 149.4
 191.39
 243.85
 240.68
 211.8
 176.05
 265.05
 177.77
 252
 174.36
 268.49
 195.76
 271.22
 244.82
 206.18
 241.63
 203.67
 293.47
 277.31
 241.54
 203.52
 284.78
 268.66
 221.46
 264.72
 230.39
 254.06
 243.65
 225.81
 319.07
 225.44
 323.62
 327.67
 336.22
 248.67
 257.08
 255.46
 307.59
 276.93
 343.33
 289.02
 298.34
 258.53
 371.42
 273.54
 310.83
 370.06
 311.15
 277.13
 351.82
 283.26
 306.04
 335.68
 371.75
 322.64
 400.33
 289.29
 321.28
 301.78
 302.17
 311.51
 402.25
 384.09
 373.56
 390.38
 416.12
 384.02
 323.71
 402.48
 399.46
 335.26
 337.07
 407.21
 424.4
 371.71
 433.43
 437.14
 436.1
 345.31
 412.59
 445.09
 352.9
 392.92
 349.69
 397.41
 451.33
 403.88
 447.51
 447.73
 350.6
 437.96
 449.96
 453.69
 355.41
 456.87
 375.26
 420.78
 368.69
 454.89
 379.78
 464.73
 464.17
 404.66
 379.36
 457.58
 367.11
 424.01
 374.05
 382.18
 467.79
 408.49
 401.87
 371.16
 396.51
 380.35
 383.27
 468.75
 368.94
 469.49
 382.24
 394.3
 384.67
 443.35
 375.78
 448.36
 390.79
 382.69
 414.68
 372.96
 396.58
 447.71
 468.96
 462.03
 407.38
 433.71
 425.12
 381.07
 454.6
 409.63
 412.13
 430.64
 363.96
 460.76
 356.94
 354.73
 443.7
 418.39
 382.06
 379.43
 446.07
 400.78
 389.69
 352.9
 362.35
 428.78
 365.49
 348.54
 386.98
 366.33
 411.57
 414.42
 421.36
 331.87
 416.85
 413.4
 398.92
 415.08
 347.73
 399.77
 379.21
 309.21
 404.63
 357.79
 399.32
 400.85
 405.03
 340.4
 379.61
 317.44
 301.26
 299.91
 287.55
 289.11
 304.34
 332.83
 365.76
 290.61
 361.21
 368.81
 285.54
 344.59
 333.7
 284.63
 349.21
 279.52
 278.25
 259.9
 297.93
 334.81
 236.9
 244.16
 258.82
 327.63
 261.62
 222.98
 263.31
 312.61
 283.88
 233.32
 228.93
 213.78
 203.51
 300.33
 199.24
 253.9
 206.66
 241.63
 206.18
 244.82
 271.22
 195.76
 268.49
 174.36
 252
 177.77
 265.05
 176.05
 211.8
 240.68
 243.85
 191.39
 149.4
 137.51
 231.99
 150.27
 185.81
 198.07
 128.95
 219.25
 225.61
 219.13
 187.59
 194.9
 152.21
 111.13
 187.85
 198.09
 190.23
 194.6
 98.90000000000001
 112.49
 189.34
 178.04
 104.92
 97.75999999999999
 95.03
 168.14
 153.08
 126.98
 162.82
 156.56
 61.08
 60.69
 148.54
 146.83
 154.22
 143.78
 92.31999999999999
 142.06
 86.75
 84.77000000000001
 56.36
 35.59
 94.28
 39.01000000000001
 77.22
 26.03
 12.97
 8.490000000000002
 12.48
 20.33
 89.59999999999999
 7.490000000000002
 79.80000000000001
 79.06
 83.34999999999999
 78.09999999999999
 13.43
 67.08
 6.640000000000001
 50.14
 59.68000000000001
 1.549999999999997
 -31.45
 -49.71
 -20.97
 -9.899999999999999
 -17.98
 -40.74
 25.06999999999999
 25.28
 -74.86
 -69.98
 15.76000000000001
 -33.87
 -22.98
 -24.3
 -29.33
 -30.3
 -23.4
 -68.71000000000001
 -103.73
 -25.51
 -1.43
 -19.43
 -20.98
 -112.65
 -32.7
 -121.18
 -32.76000000000001
 -110.86
 -38.12
 -98.18000000000001
 -99.47999999999999
 -75.43000000000001
 -106.32
 -55.77
 -67.12
 -142.34
 -49.5
 -74.63
 -64.84999999999999
 -139.9
 -171.07
 -83.31999999999999
 -70.45
 -92.43000000000001
 -133.56
 -146.59
 -145.11
 -190.27
 -111.44
 -94.97999999999999
 -126
 -99.84
 -101.13
 -105.85
 -175.81
 -104.6
 -113.12
 -130.81
 -116.21
 -118.99
 -130.33
 -231.16
 -226.8
 -125.31
 -217
 -196.14
 -173.34
 -226.24
 -140.75
 -242.42
 -146.36
 -160.26
 -166.44
 -250.32
 -253.06
 -226.46
 -178.37
 -244.9
 -156.95
 -174.14
 -263.13
 -164.63
 -172.53
 -247.58
 -175
 -268.92
 -274.86
 -188.17
 -258.53
 -179.55
 -276.74
 -263.88
 -198.99
 -282.11
 -264.35
 -218.53
 -296.25
 -269.73
 -205.87
 -299.45
 -224.02
 -304.6
 -271.75
 -306.3
 -223.36
 -216.19
 -313.92
 -320.41
 -312.32
 -230.26
 -227.01
 -250.47
 -325.07
 -298.58
 -326.05
 -343.78
 -325.04
 -336.91
 -313.28
 -264.76
 -306.56
 -341.07
 -263.9
 -323.96
 -347.63
 -261.09
 -265.38
 -270.95
 -294.65
 -273.72
 -354.43
 -288.07
 -366.19
 -287
 -280.29
 -361
 -354.48
 -286.42
 -358.29
 -289.08
 -321.37
 -338.66
 -383.9
 -373.8
 -297.75
 -402.34
 -293
 -368.13
 -381.13
 -380.5
 -304.23
 -407.5
 -336.86
 -320.44
 -329.06
 -353.54
 -319.34
 -327.88
 -416
 -357.75
 -324.78
 -378.07
 -417.67
 -383.65
 -339.44
 -335.78
 -333.46
 -428.23
 -356.62
 -398.42
 -368.46
 -449.61
 -425.75
 -385.34
 -350.86
 -350.24
 -369.42
